3.13001e-10, 9.23337e-32, 1, 0, 0, 1.565e-10, 3.13e-24, -2.3263e-41, -7.4315e-32, -2.3263e-41, 2.03188e-43, 9.79691e-34, -7.4315e-32, 9.79691e-34, 3.13e-24, 0
3.14001e-10, -6.19497e-32, 1, 0, 0, 1.57e-10, 3.14e-24, -2.34115e-41, -7.45524e-32, -2.34115e-41, 2.07392e-43, 9.85961e-34, -7.45524e-32, 9.85961e-34, 3.14e-24, 0
3.15001e-10, -6.75403e-32, 1, 0, 0, 1.575e-10, 3.15e-24, -2.356e-41, -7.47899e-32, -2.356e-41, 2.11596e-43, 9.92251e-34, -7.47899e-32, 9.92251e-34, 3.15e-24, 0
3.16001e-10, 6.27414e-32, 1, 0, 0, 1.58001e-10, 3.16e-24, -2.371e-41, -7.50273e-32, -2.371e-41, 2.158e-43, 9.98561e-34, -7.50273e-32, 9.98561e-34, 3.16e-24, 0
3.17001e-10, 5.26164e-33, 1, 0, 0, 1.58501e-10, 3.17e-24, -2.38613e-41, -7.52647e-32, -2.38613e-41, 2.20004e-43, 1.00489e-33, -7.52647e-32, 1.00489e-33, 3.17e-24, 0
3.18001e-10, 1.58845e-32, 1, 0, 0, 1.59001e-10, 3.18e-24, -2.40127e-41, -7.55022e-32, -2.40127e-41, 2.24208e-43, 1.01124e-33, -7.55022e-32, 1.01124e-33, 3.18e-24, 0
3.19001e-10, 3.72974e-32, 1, 0, 0, 1.59501e-10, 3.19e-24, -2.4164e-41, -7.57396e-32, -2.4164e-41, 2.28412e-43, 1.01761e-33, -7.57396e-32, 1.01761e-33, 3.19e-24, 0
3.20001e-10, 2.68083e-32, 1, 0, 0, 1.60001e-10, 3.2e-24, -2.43153e-41, -7.5977e-32, -2.43153e-41, 2.32616e-43, 1.024e-33, -7.5977e-32, 1.024e-33, 3.2e-24, 0
3.21001e-10, 7.01378e-32, 1, 0, 0, 1.60501e-10, 3.21e-24, -2.44667e-41, -7.62144e-32, -2.44667e-41, 2.36819e-43, 1.03041e-33, -7.62144e-32, 1.03041e-33, 3.21e-24, 0
3.22001e-10, 7.60044e-32, 1, 0, 0, 1.61001e-10, 3.22e-24, -2.46194e-41, -7.64519e-32, -2.46194e-41, 2.41023e-43, 1.03684e-33, -7.64519e-32, 1.03684e-33, 3.22e-24, 0
3.23001e-10, -9.28652e-32, 1, 0, 0, 1.61501e-10, 3.23e-24, -2.47736e-41, -7.66893e-32, -2.47736e-41, 2.45227e-43, 1.04329e-33, -7.66893e-32, 1.04329e-33, 3.23e-24, 0
3.24001e-10, -6.59584e-32, 1, 0, 0, 1.62001e-10, 3.24e-24, -2.49277e-41, -7.69267e-32, -2.49277e-41, 2.49431e-43, 1.04976e-33, -7.69267e-32, 1.04976e-33, 3.24e-24, 0
3.25001e-10, 8.84883e-32, 1, 0, 0, 1.62501e-10, 3.25e-24, -2.50818e-41, -7.71641e-32, -2.50818e-41, 2.53635e-43, 1.05625e-33, -7.71641e-32, 1.05625e-33, 3.25e-24, 0
3.26001e-10, -2.7823e-32, 1, 0, 0, 1.63001e-10, 3.26e-24, -2.5236e-41, -7.74016e-32, -2.5236e-41, 2.57839e-43, 1.06276e-33, -7.74016e-32, 1.06276e-33, 3.26e-24, 0
3.27001e-10, 7.27843e-32, 1, 0, 0, 1.63501e-10, 3.27e-24, -2.53901e-41, -7.7639e-32, -2.53901e-41, 2.62043e-43, 1.06929e-33, -7.7639e-32, 1.06929e-33, 3.27e-24, 0
3.28001e-10, 7.32302e-32, 1, 0, 0, 1.64001e-10, 3.28e-24, -2.55457e-41, -7.78764e-32, -2.55457e-41, 2.66247e-43, 1.07584e-33, -7.78764e-32, 1.07584e-33, 3.28e-24, 0
3.29001e-10, -3.96724e-32, 1, 0, 0, 1.64501e-10, 3.29e-24, -2.57026e-41, -7.81138e-32, -2.57026e-41, 2.70451e-43, 1.08241e-33, -7.81138e-32, 1.08241e-33, 3.29e-24, 0
3.30001e-10, 1.7106e-32, 1, 0, 0, 1.65001e-10, 3.3e-24, -2.58596e-41, -7.83513e-32, -2.58596e-41, 2.74654e-43, 1.089e-33, -7.83513e-32, 1.089e-33, 3.3e-24, 0
-0.0278934, -0.000131464, 0.999989, 0, 0, 0.00471646, 7.90724e-06, 3.95302e-08, 4.45927e-10, 3.95302e-08, 1.77366e-09, -1.11646e-07, 4.45926e-10, -1.11646e-07, 7.90921e-06, 0
-0.0624809, -0.000676784, 0.999946, 0, 0, 0.0104112, 2.03468e-05, 2.20471e-07, 4.06214e-09, 2.20471e-07, 2.63642e-08, -6.1398e-07, 4.06214e-09, -6.1398e-07, 2.03746e-05, 0
-0.102094, -0.00177565, 0.999872, 0, 0, 0.0160022, 3.66426e-05, 6.51591e-07, 1.51016e-08, 6.51591e-07, 1.30372e-07, -1.78253e-06, 1.51016e-08, -1.78253e-06, 3.67955e-05, 0
-0.145514, -0.00341349, 0.999781, 0, 0, 0.0209417, 5.51137e-05, 1.37147e-06, 3.38603e-08, 1.37147e-06, 4.03088e-07, -3.81106e-06, 3.38603e-08, -3.81106e-06, 5.5634e-05, 0
-0.18926, -0.00517434, 0.999717, 0, 0, 0.0237693, 7.3502e-05, 2.31798e-06, 5.41879e-08, 2.31798e-06, 9.37646e-07, -6.70813e-06, 5.4188e-08, -6.70813e-06, 7.47972e-05, 0
-0.232397, -0.00765219, 0.999572, 0, 0, 0.0292529, 8.95862e-05, 3.2953e-06, 5.94238e-08, 3.2953e-06, 1.78149e-06, -1.02623e-05, 5.94238e-08, -1.02623e-05, 9.21562e-05, 0
-0.273596, -0.0105233, 0.9994, 0, 0, 0.0346256, 0.000101675, 4.29787e-06, 6.94075e-08, 4.29788e-06, 2.93251e-06, -1.40888e-05, 6.94075e-08, -1.40888e-05, 0.000105995, 0
-0.311791, -0.0138518, 0.999173, 0, 0, 0.0406504, 0.000108898, 5.17706e-06, 8.30383e-08, 5.17706e-06, 4.29023e-06, -1.77375e-05, 8.30383e-08, -1.77375e-05, 0.000115264, 0
-0.344769, -0.0160696, 0.999079, 0, 0, 0.0429156, 0.000111179, 5.82882e-06, 1.03333e-07, 5.82882e-06, 5.69045e-06, -2.07988e-05, 1.03334e-07, -2.07988e-05, 0.000119636, 0
-0.374033, -0.0187281, 0.998873, 0, 0, 0.0474606, 0.000109097, 6.09588e-06, 8.73711e-08, 6.09588e-06, 6.92309e-06, -2.29809e-05, 8.73712e-08, -2.29809e-05, 0.00011944, 0
-0.395017, -0.0206157, 0.998679, 0, 0, 0.0513836, 0.000103655, 6.04557e-06, 5.40524e-08, 6.04557e-06, 7.82777e-06, -2.41308e-05, 5.40524e-08, -2.41308e-05, 0.000115526, 0
-0.410919, -0.0224197, 0.998403, 0, 0, 0.0564919, 9.61661e-05, 5.73773e-06, -1.68922e-08, 5.73773e-06, 8.28995e-06, -2.42366e-05, -1.68922e-08, -2.42366e-05, 0.000109146, 0
-0.41509, -0.021274, 0.998365, 0, 0, 0.057156, 8.81176e-05, 5.3026e-06, -1.34274e-07, 5.3026e-06, 8.27556e-06, -2.33812e-05, -1.34274e-07, -2.33812e-05, 0.000101794, 0
-0.412511, -0.0198401, 0.998231, 0, 0, 0.059456, 8.10367e-05, 4.91918e-06, -3.25501e-07, 4.91918e-06, 7.83314e-06, -2.16975e-05, -3.25501e-07, -2.16975e-05, 9.50613e-05, 0
-0.39894, -0.0181167, 0.997936, 0, 0, 0.0642126, 7.63234e-05, 4.77959e-06, -5.93292e-07, 4.77959e-06, 7.07904e-06, -1.93052e-05, -5.93292e-07, -1.93052e-05, 9.04049e-05, 0
-0.37961, -0.0152022, 0.997634, 0, 0, 0.0687478, 7.50349e-05, 5.07486e-06, -9.6308e-07, 5.07486e-06, 6.1845e-06, -1.62841e-05, -9.6308e-07, -1.62841e-05, 8.89178e-05, 0
-0.351488, -0.0103356, 0.997503, 0, 0, 0.0706296, 7.76603e-05, 5.94202e-06, -1.47329e-06, 5.94202e-06, 5.34985e-06, -1.2669e-05, -1.47329e-06, -1.2669e-05, 9.10608e-05, 0
-0.314965, -0.00486368, 0.997158, 0, 0, 0.0753432, 8.39763e-05, 7.34664e-06, -2.15883e-06, 7.34664e-06, 4.75337e-06, -8.49461e-06, -2.15883e-06, -8.49461e-06, 9.6502e-05, 0
-0.273564, 0.00180127, 0.997138, 0, 0, 0.0755997, 9.29886e-05, 9.24731e-06, -3.09154e-06, 9.24731e-06, 4.57285e-06, -3.87465e-06, -3.09154e-06, -3.87465e-06, 0.000104124, 0
-0.232023, 0.00840528, 0.996956, 0, 0, 0.0779631, 0.000103227, 1.12498e-05, -4.25014e-06, 1.12498e-05, 4.83111e-06, 9.59399e-07, -4.25014e-06, 9.59397e-07, 0.000112277, 0
-0.187807, 0.0150871, 0.996921, 0, 0, 0.0784104, 0.000112956, 1.3142e-05, -5.61524e-06, 1.3142e-05, 5.52402e-06, 5.64506e-06, -5.61524e-06, 5.64506e-06, 0.000119225, 0
-0.146856, 0.0217658, 0.996633, 0, 0, 0.0819919, 0.000120666, 1.45786e-05, -7.06028e-06, 1.45786e-05, 6.49538e-06, 9.78184e-06, -7.06028e-06, 9.78184e-06, 0.000123577, 0
-0.103006, 0.027964, 0.996637, 0, 0, 0.0819395, 0.000125233, 1.55128e-05, -8.48191e-06, 1.55128e-05, 7.59799e-06, 1.30255e-05, -8.48191e-06, 1.30255e-05, 0.000124556, 0
-0.0635723, 0.0330389, 0.996672, 0, 0, 0.0815149, 0.000126176, 1.57322e-05, -9.68555e-06, 1.57322e-05, 8.57771e-06, 1.51889e-05, -9.68555e-06, 1.51889e-05, 0.000121992, 0
-0.031862, 0.0368598, 0.996649, 0, 0, 0.0817971, 0.00012351, 1.52975e-05, -1.05399e-05, 1.52975e-05, 9.27992e-06, 1.62512e-05, -1.05399e-05, 1.62512e-05, 0.000116239, 0
-0.00367178, 0.0409795, 0.99639, 0, 0, 0.0848986, 0.000117714, 1.43753e-05, -1.09863e-05, 1.43753e-05, 9.63068e-06, 1.63244e-05, -1.09863e-05, 1.63244e-05, 0.000108018, 0
0.0165467, 0.0462741, 0.995614, 0, 0, 0.0935601, 0.000109652, 1.31708e-05, -1.10787e-05, 1.31708e-05, 9.62582e-06, 1.55809e-05, -1.10787e-05, 1.55809e-05, 9.82665e-05, 0
0.032103, 0.0496107, 0.995046, 0, 0, 0.0994143, 0.000100488, 1.18783e-05, -1.08941e-05, 1.18783e-05, 9.31178e-06, 1.42224e-05, -1.08941e-05, 1.42224e-05, 8.81163e-05, 0
0.036801, 0.049857, 0.994688, 0, 0, 0.102932, 9.15548e-05, 1.06864e-05, -1.04734e-05, 1.06864e-05, 8.76839e-06, 1.24312e-05, -1.04734e-05, 1.24312e-05, 7.87962e-05, 0
0.0336111, 0.0480496, 0.994382, 0, 0, 0.105848, 8.42041e-05, 9.8631e-06, -9.88081e-06, 9.86309e-06, 8.13406e-06, 1.0337e-05, -9.88082e-06, 1.0337e-05, 7.15906e-05, 0
0.0211951, 0.0465686, 0.993437, 0, 0, 0.11438, 7.9636e-05, 9.67232e-06, -9.20003e-06, 9.67231e-06, 7.56695e-06, 7.98543e-06, -9.20003e-06, 7.98543e-06, 6.76695e-05, 0
0.00036885, 0.0409582, 0.992976, 0, 0, 0.118316, 7.86512e-05, 1.03769e-05, -8.48832e-06, 1.03769e-05, 7.25606e-06, 5.34238e-06, -8.48832e-06, 5.34238e-06, 6.78892e-05, 0
-0.0269372, 0.0343827, 0.992065, 0, 0, 0.125728, 8.14913e-05, 1.20665e-05, -7.78512e-06, 1.20665e-05, 7.34919e-06, 2.30316e-06, -7.78513e-06, 2.30317e-06, 7.25535e-05, 0
-0.0611579, 0.0250828, 0.991347, 0, 0, 0.131269, 8.76325e-05, 1.47688e-05, -7.11897e-06, 1.47688e-05, 8.02115e-06, -1.25748e-06, -7.11897e-06, -1.25748e-06, 8.12644e-05, 0
-0.0925124, 0.0160087, 0.987477, 0, 0, 0.157762, 9.59533e-05, 1.82166e-05, -6.52256e-06, 1.82166e-05, 9.33562e-06, -5.41991e-06, -6.52256e-06, -5.4199e-06, 9.29167e-05, 0
-0.131169, 0.00219861, 0.986481, 0, 0, 0.163873, 0.000104411, 2.27324e-05, -5.92111e-06, 2.27324e-05, 1.18079e-05, -1.0138e-05, -5.92111e-06, -1.0138e-05, 0.000105897, 0
-0.17055, -0.012235, 0.985752, 0, 0, 0.168202, 0.000111917, 2.70859e-05, -5.44079e-06, 2.70859e-05, 1.4852e-05, -1.52612e-05, -5.44079e-06, -1.52612e-05, 0.000118401, 0
-0.211146, -0.0270686, 0.985124, 0, 0, 0.171844, 0.000117235, 3.07e-05, -5.06178e-06, 3.07e-05, 1.81792e-05, -2.04602e-05, -5.06179e-06, -2.04602e-05, 0.000128794, 0
-0.249488, -0.040728, 0.984881, 0, 0, 0.173234, 0.000119566, 3.31732e-05, -4.74005e-06, 3.31732e-05, 2.14682e-05, -2.53244e-05, -4.74005e-06, -2.53244e-05, 0.000135861, 0
-0.281041, -0.0543226, 0.983221, 0, 0, 0.182421, 0.000118662, 3.42654e-05, -4.47784e-06, 3.42654e-05, 2.43557e-05, -2.94685e-05, -4.47784e-06, -2.94685e-05, 0.000138965, 0
-0.309015, -0.0648547, 0.982836, 0, 0, 0.184482, 0.000114557, 3.41361e-05, -4.20907e-06, 3.41361e-05, 2.67052e-05, -3.25742e-05, -4.20907e-06, -3.25742e-05, 0.00013807, 0
-0.331985, -0.0729212, 0.982618, 0, 0, 0.185641, 0.000107997, 3.28207e-05, -4.05766e-06, 3.28207e-05, 2.81802e-05, -3.45059e-05, -4.05766e-06, -3.45059e-05, 0.000133672, 0
-0.347276, -0.0780695, 0.982296, 0, 0, 0.187333, 9.98513e-05, 3.06717e-05, -4.06162e-06, 3.06717e-05, 2.87209e-05, -3.52326e-05, -4.06162e-06, -3.52326e-05, 0.000126716, 0
-0.356583, -0.0812524, 0.981653, 0, 0, 0.190677, 9.11951e-05, 2.81566e-05, -4.25262e-06, 2.81566e-05, 2.84133e-05, -3.48353e-05, -4.25262e-06, -3.48353e-05, 0.00011849, 0
-0.356432, -0.0795508, 0.981521, 0, 0, 0.191355, 8.32252e-05, 2.57899e-05, -4.65068e-06, 2.57899e-05, 2.74578e-05, -3.34551e-05, -4.65068e-06, -3.34551e-05, 0.000110453, 0
-0.347088, -0.076097, 0.980423, 0, 0, 0.196905, 7.71265e-05, 2.40907e-05, -5.29313e-06, 2.40907e-05, 2.61539e-05, -3.12574e-05, -5.29313e-06, -3.12574e-05, 0.000104073, 0
-0.3299, -0.0684982, 0.97963, 0, 0, 0.200813, 7.38743e-05, 2.35129e-05, -6.2139e-06, 2.35129e-05, 2.48605e-05, -2.8375e-05, -6.2139e-06, -2.8375e-05, 0.000100567, 0
-0.307694, -0.0580201, 0.979056, 0, 0, 0.20359, 7.40556e-05, 2.43496e-05, -7.47224e-06, 2.43496e-05, 2.39271e-05, -2.49012e-05, -7.47224e-06, -2.49012e-05, 0.000100649, 0
-0.279504, -0.0448842, 0.978493, 0, 0, 0.206279, 7.77141e-05, 2.66251e-05, -9.14161e-06, 2.66251e-05, 2.36039e-05, -2.09126e-05, -9.14161e-06, -2.09127e-05, 0.000104306, 0
-0.247046, -0.0298859, 0.97748, 0, 0, 0.211027, 8.42716e-05, 3.00702e-05, -1.13097e-05, 3.00702e-05, 2.40022e-05, -1.65406e-05, -1.13097e-05, -1.65406e-05, 0.000110738, 0
-0.211415, -0.0132246, 0.977145, 0, 0, 0.212576, 9.25673e-05, 3.42097e-05, -1.4045e-05, 3.42097e-05, 2.51219e-05, -1.2028e-05, -1.4045e-05, -1.2028e-05, 0.00011851, 0
-0.17004, 0.00527146, 0.97731, 0, 0, 0.211812, 0.000101288, 3.82744e-05, -1.72549e-05, 3.82744e-05, 2.66301e-05, -7.68592e-06, -1.72549e-05, -7.68592e-06, 0.000125925, 0
-0.135041, 0.021016, 0.977196, 0, 0, 0.212342, 0.000109101, 4.15302e-05, -2.073e-05, 4.15302e-05, 2.81041e-05, -3.85873e-06, -2.073e-05, -3.85873e-06, 0.000131463, 0
-0.0921095, 0.0413146, 0.975846, 0, 0, 0.218459, 0.000114794, 4.35481e-05, -2.40956e-05, 4.35481e-05, 2.92685e-05, -7.95347e-07, -2.40956e-05, -7.95349e-07, 0.00013407, 0
-0.0545681, 0.0606664, 0.973997, 0, 0, 0.226563, 0.000117507, 4.42419e-05, -2.72084e-05, 4.42419e-05, 3.00257e-05, 1.25351e-06, -2.72084e-05, 1.25351e-06, 0.000133352, 0
-0.0214252, 0.0755313, 0.973956, 0, 0, 0.226735, 0.000117002, 4.36037e-05, -2.97388e-05, 4.36037e-05, 3.02155e-05, 2.29896e-06, -2.97388e-05, 2.29896e-06, 0.000129405, 0
0.0103957, 0.091464, 0.972741, 0, 0, 0.231892, 0.000113601, 4.16421e-05, -3.13232e-05, 4.16421e-05, 2.9591e-05, 2.53383e-06, -3.13232e-05, 2.53383e-06, 0.000122676, 0
0.0342056, 0.104003, 0.9714, 0, 0, 0.23745, 0.000107779, 3.87812e-05, -3.20159e-05, 3.87812e-05, 2.83521e-05, 2.06707e-06, -3.20159e-05, 2.06707e-06, 0.000113956, 0
0.0533436, 0.116031, 0.969097, 0, 0, 0.246681, 0.000100387, 3.54621e-05, -3.18352e-05, 3.54621e-05, 2.66984e-05, 1.07995e-06, -3.18352e-05, 1.07995e-06, 0.000104226, 0
0.0610303, 0.119591, 0.968146, 0, 0, 0.250388, 9.24871e-05, 3.21988e-05, -3.09785e-05, 3.21988e-05, 2.49179e-05, -3.18936e-07, -3.09785e-05, -3.18935e-07, 9.46754e-05, 0
0.0612962, 0.119151, 0.96705, 0, 0, 0.254586, 8.51816e-05, 2.95451e-05, -2.95653e-05, 2.95451e-05, 2.33763e-05, -2.02534e-06, -2.95653e-05, -2.02534e-06, 8.65551e-05, 0
0.0549895, 0.116349, 0.965038, 0, 0, 0.262109, 7.95307e-05, 2.80465e-05, -2.78176e-05, 2.80465e-05, 2.24842e-05, -4.0375e-06, -2.78176e-05, -4.0375e-06, 8.1148e-05, 0
0.0403486, 0.108244, 0.962994, 0, 0, 0.269522, 7.63428e-05, 2.81551e-05, -2.59083e-05, 2.81551e-05, 2.26541e-05, -6.4128e-06, -2.59083e-05, -6.4128e-06, 7.95247e-05, 0
0.0182871, 0.094285, 0.961506, 0, 0, 0.274782, 7.59885e-05, 3.01227e-05, -2.39333e-05, 3.01227e-05, 2.42346e-05, -9.26357e-06, -2.39333e-05, -9.26357e-06, 8.22754e-05, 0
-0.00856514, 0.0776722, 0.958837, 0, 0, 0.283955, 7.83522e-05, 3.3877e-05, -2.19687e-05, 3.38769e-05, 2.73749e-05, -1.27493e-05, -2.19687e-05, -1.27493e-05, 8.93253e-05, 0
-0.039633, 0.0568357, 0.956491, 0, 0, 0.291761, 8.26403e-05, 3.90663e-05, -2.00782e-05, 3.90663e-05, 3.21538e-05, -1.70128e-05, -2.00782e-05, -1.70128e-05, 9.9878e-05, 0
-0.0728186, 0.0333186, 0.954698, 0, 0, 0.297576, 8.78124e-05, 4.49948e-05, -1.83168e-05, 4.49948e-05, 3.82959e-05, -2.21013e-05, -1.83168e-05, -2.21012e-05, 0.000112517, 0
-0.106696, 0.00845335, 0.952305, 0, 0, 0.305149, 9.27606e-05, 5.08002e-05, -1.67191e-05, 5.08002e-05, 4.52614e-05, -2.78867e-05, -1.67191e-05, -2.78867e-05, 0.000125503, 0
-0.140346, -0.0168718, 0.950747, 0, 0, 0.309968, 9.63534e-05, 5.56956e-05, -1.52524e-05, 5.56956e-05, 5.25179e-05, -3.40332e-05, -1.52524e-05, -3.40332e-05, 0.000137115, 0
-0.171208, -0.0415728, 0.947912, 0, 0, 0.318533, 9.79949e-05, 5.90162e-05, -1.39104e-05, 5.90162e-05, 5.92835e-05, -4.00874e-05, -1.39104e-05, -4.00874e-05, 0.000145944, 0
-0.200071, -0.0648572, 0.946054, 0, 0, 0.32401, 9.72004e-05, 6.04352e-05, -1.26468e-05, 6.04352e-05, 6.50734e-05, -4.55344e-05, -1.26468e-05, -4.55344e-05, 0.00015109, 0
-0.225119, -0.0856109, 0.944182, 0, 0, 0.329424, 9.41733e-05, 5.98723e-05, -1.15249e-05, 5.98723e-05, 6.9267e-05, -4.99732e-05, -1.15249e-05, -4.99732e-05, 0.000152218, 0
-0.2486, -0.103868, 0.943359, 0, 0, 0.331774, 8.9277e-05, 5.75608e-05, -1.06177e-05, 5.75608e-05, 7.15792e-05, -5.31316e-05, -1.06177e-05, -5.31316e-05, 0.000149571, 0
-0.261974, -0.116875, 0.94055, 0, 0, 0.339655, 8.31443e-05, 5.39691e-05, -1.00236e-05, 5.39691e-05, 7.19541e-05, -5.49049e-05, -1.00236e-05, -5.49049e-05, 0.000143866, 0
-0.271797, -0.125121, 0.939107, 0, 0, 0.343625, 7.64495e-05, 4.97366e-05, -9.82227e-06, 4.97366e-05, 7.06969e-05, -5.53532e-05, -9.82227e-06, -5.53532e-05, 0.00013628, 0
-0.277301, -0.129737, 0.937219, 0, 0, 0.348742, 7.00617e-05, 4.56077e-05, -1.00982e-05, 4.56076e-05, 6.82944e-05, -5.46433e-05, -1.00982e-05, -5.46433e-05, 0.000128206, 0
-0.272366, -0.125852, 0.935371, 0, 0, 0.353669, 6.4797e-05, 4.23294e-05, -1.08826e-05, 4.23294e-05, 6.54386e-05, -5.29636e-05, -1.08826e-05, -5.29636e-05, 0.000121126, 0
-0.26303, -0.116933, 0.933864, 0, 0, 0.357628, 6.13723e-05, 4.05785e-05, -1.22369e-05, 4.05785e-05, 6.29296e-05, -5.05419e-05, -1.22369e-05, -5.05419e-05, 0.000116438, 0
-0.248001, -0.10175, 0.933346, 0, 0, 0.358977, 6.02886e-05, 4.08158e-05, -1.42052e-05, 4.08158e-05, 6.148e-05, -4.75376e-05, -1.42052e-05, -4.75376e-05, 0.00011511, 0
-0.22555, -0.0803222, 0.933099, 0, 0, 0.35962, 6.17753e-05, 4.3178e-05, -1.68644e-05, 4.3178e-05, 6.15247e-05, -4.4103e-05, -1.68644e-05, -4.4103e-05, 0.000117489, 0
-0.200529, -0.0567407, 0.931598, 0, 0, 0.363491, 6.56962e-05, 4.74175e-05, -2.03283e-05, 4.74175e-05, 6.31344e-05, -4.04462e-05, -2.03283e-05, -4.04462e-05, 0.000123163, 0
-0.17039, -0.0285103, 0.930608, 0, 0, 0.366017, 7.14244e-05, 5.29408e-05, -2.46832e-05, 5.29408e-05, 6.61274e-05, -3.68564e-05, -2.46832e-05, -3.68564e-05, 0.000130982, 0
-0.143596, -0.00241466, 0.929419, 0, 0, 0.369026, 7.82019e-05, 5.88874e-05, -2.98958e-05, 5.88874e-05, 6.98254e-05, -3.36782e-05, -2.98958e-05, -3.36782e-05, 0.000139412, 0
-0.116026, 0.0230008, 0.930229, 0, 0, 0.366978, 8.50822e-05, 6.43485e-05, -3.56571e-05, 6.43485e-05, 7.34476e-05, -3.11395e-05, -3.56571e-05, -3.11395e-05, 0.000146821, 0
-0.0913818, 0.0468911, 0.929187, 0, 0, 0.36961, 9.13583e-05, 6.85004e-05, -4.14381e-05, 6.85004e-05, 7.59558e-05, -2.92922e-05, -4.14381e-05, -2.92922e-05, 0.000151936, 0
-0.061044, 0.0741249, 0.929221, 0, 0, 0.369523, 9.60524e-05, 7.08908e-05, -4.67122e-05, 7.08908e-05, 7.71057e-05, -2.81362e-05, -4.67122e-05, -2.81362e-05, 0.000153964, 0
-0.0415008, 0.0921497, 0.928937, 0, 0, 0.370237, 9.87404e-05, 7.12948e-05, -5.10779e-05, 7.12948e-05, 7.65072e-05, -2.76107e-05, -5.10779e-05, -2.76107e-05, 0.000152753, 0
-0.0143752, 0.118114, 0.927075, 0, 0, 0.374877, 9.90803e-05, 6.98171e-05, -5.39839e-05, 6.98171e-05, 7.43214e-05, -2.73918e-05, -5.39839e-05, -2.73918e-05, 0.000148283, 0
0.00726098, 0.139243, 0.925189, 0, 0, 0.379507, 9.71422e-05, 6.68201e-05, -5.55825e-05, 6.68201e-05, 7.09144e-05, -2.75848e-05, -5.55825e-05, -2.75848e-05, 0.000141326, 0
0.0226538, 0.154578, 0.92328, 0, 0, 0.384129, 9.33185e-05, 6.2808e-05, -5.58228e-05, 6.2808e-05, 6.67297e-05, -2.80425e-05, -5.58228e-05, -2.80425e-05, 0.000132655, 0
0.0313143, 0.163381, 0.921347, 0, 0, 0.38874, 8.82082e-05, 5.8403e-05, -5.4827e-05, 5.8403e-05, 6.23691e-05, -2.87146e-05, -5.4827e-05, -2.87146e-05, 0.000123318, 0
0.0330336, 0.165164, 0.919392, 0, 0, 0.393342, 8.25485e-05, 5.42894e-05, -5.28296e-05, 5.42894e-05, 5.85481e-05, -2.96286e-05, -5.28296e-05, -2.96286e-05, 0.00011459, 0
0.0278858, 0.159718, 0.917414, 0, 0, 0.397934, 7.71175e-05, 5.11434e-05, -5.00978e-05, 5.11434e-05, 5.60359e-05, -3.08607e-05, -5.00978e-05, -3.08607e-05, 0.00010784, 0
0.0162194, 0.147126, 0.915413, 0, 0, 0.402516, 7.26108e-05, 4.95373e-05, -4.68644e-05, 4.95373e-05, 5.55643e-05, -3.25194e-05, -4.68644e-05, -3.25193e-05, 0.000104327, 0
-0.00136257, 0.127765, 0.913389, 0, 0, 0.407088, 6.95143e-05, 4.98239e-05, -4.32995e-05, 4.98239e-05, 5.76997e-05, -3.47489e-05, -4.32995e-05, -3.47489e-05, 0.000104934, 0
-0.024032, 0.102293, 0.911342, 0, 0, 0.41165, 6.80013e-05, 5.20307e-05, -3.95225e-05, 5.20307e-05, 6.27086e-05, -3.77333e-05, -3.95225e-05, -3.77333e-05, 0.000109925, 0
-0.0507743, 0.0716343, 0.909272, 0, 0, 0.416202, 6.7896e-05, 5.58096e-05, -3.56326e-05, 5.58096e-05, 7.04624e-05, -4.16634e-05, -3.56326e-05, -4.16634e-05, 0.000118814, 0
-0.0804341, 0.036936, 0.90718, 0, 0, 0.420743, 6.87279e-05, 6.04826e-05, -3.17244e-05, 6.04826e-05, 8.0425e-05, -4.66499e-05, -3.17244e-05, -4.66499e-05, 0.000130424, 0
-0.111764, -0.000467, 0.905065, 0, 0, 0.425273, 6.9864e-05, 6.51822e-05, -2.78801e-05, 6.51822e-05, 9.17283e-05, -5.26184e-05, -2.78801e-05, -5.26184e-05, 0.00014312, 0
-0.143479, -0.0391081, 0.902927, 0, 0, 0.429793, 7.06724e-05, 6.904e-05, -2.41602e-05, 6.904e-05, 0.000103305, -5.92521e-05, -2.41602e-05, -5.92521e-05, 0.00015515, 0
-0.174308, -0.0774454, 0.900767, 0, 0, 0.434303, 7.06585e-05, 7.13623e-05, -2.06159e-05, 7.13623e-05, 0.000114043, -6.60333e-05, -2.06159e-05, -6.60333e-05, 0.000164958, 0
-0.203047, -0.113924, 0.898584, 0, 0, 0.438801, 6.95388e-05, 7.17475e-05, -1.73148e-05, 7.17475e-05, 0.00012294, -7.23629e-05, -1.73148e-05, -7.23629e-05, 0.000171418, 0
-0.228605, -0.147042, 0.896379, 0, 0, 0.443288, 6.72534e-05, 7.01309e-05, -1.43615e-05, 7.01309e-05, 0.000129237, -7.7703e-05, -1.43615e-05, -7.7703e-05, 0.00017395, 0
-0.250046, -0.175407, 0.894151, 0, 0, 0.447765, 6.39372e-05, 6.67646e-05, -1.18946e-05, 6.67646e-05, 0.000132524, -8.16822e-05, -1.18946e-05, -8.16822e-05, 0.000172549, 0
-0.266626, -0.197804, 0.891901, 0, 0, 0.45223, 5.98756e-05, 6.21539e-05, -1.00616e-05, 6.21538e-05, 0.000132794, -8.41401e-05, -1.00616e-05, -8.41401e-05, 0.000167751, 0
-0.277815, -0.213237, 0.889629, 0, 0, 0.456684, 5.54597e-05, 5.69751e-05, -8.98761e-06, 5.69751e-05, 0.000130454, -8.5112e-05, -8.98761e-06, -8.5112e-05, 0.000160543, 0
-0.283313, -0.220984, 0.887335, 0, 0, 0.461126, 5.11451e-05, 5.19879e-05, -8.75401e-06, 5.19879e-05, 0.000126275, -8.47735e-05, -8.75401e-06, -8.47735e-05, 0.000152246, 0
-0.283061, -0.22062, 0.885018, 0, 0, 0.465557, 4.7408e-05, 4.79483e-05, -9.39577e-06, 4.79483e-05, 0.000121298, -8.33701e-05, -9.39577e-06, -8.337e-05, 0.000144349, 0
-0.27723, -0.212048, 0.882679, 0, 0, 0.469976, 4.46933e-05, 4.55184e-05, -1.09194e-05, 4.55184e-05, 0.000116688, -8.11558e-05, -1.09194e-05, -8.11558e-05, 0.000138315, 0
-0.266216, -0.195501, 0.880318, 0, 0, 0.474384, 4.33558e-05, 4.51715e-05, -1.33332e-05, 4.51715e-05, 0.00011355, -7.83639e-05, -1.33332e-05, -7.83639e-05, 0.000135328, 0
-0.25061, -0.171538, 0.877935, 0, 0, 0.478779, 4.36027e-05, 4.7101e-05, -1.66749e-05, 4.7101e-05, 0.00011271, -7.52211e-05, -1.66749e-05, -7.52211e-05, 0.000136048, 0
-0.231173, -0.14103, 0.87553, 0, 0, 0.483163, 4.54578e-05, 5.11608e-05, -2.10119e-05, 5.11608e-05, 0.000114523, -7.19953e-05, -2.10119e-05, -7.19953e-05, 0.000140419, 0
-0.208796, -0.105121, 0.873104, 0, 0, 0.487535, 4.87584e-05, 5.68695e-05, -2.63979e-05, 5.68695e-05, 0.000118758, -6.90313e-05, -2.63979e-05, -6.90313e-05, 0.00014764, 0
-0.184463, -0.0651896, 0.870655, 0, 0, 0.491894, 5.31889e-05, 6.34989e-05, -3.27915e-05, 6.34989e-05, 0.000124628, -6.67196e-05, -3.27915e-05, -6.67196e-05, 0.000156368, 0
-0.159209, -0.0227964, 0.868185, 0, 0, 0.496241, 5.83299e-05, 7.02252e-05, -3.99785e-05, 7.02252e-05, 0.000130985, -6.53829e-05, -3.99786e-05, -6.53829e-05, 0.000165072, 0
-0.134068, 0.0203815, 0.865693, 0, 0, 0.500576, 6.37057e-05, 7.62837e-05, -4.75516e-05, 7.62837e-05, 0.000136614, -6.51432e-05, -4.75516e-05, -6.51432e-05, 0.000172392, 0
-0.11004, 0.0626143, 0.863179, 0, 0, 0.504898, 6.88212e-05, 8.10789e-05, -5.49648e-05, 8.10789e-05, 0.000140504, -6.58657e-05, -5.49648e-05, -6.58657e-05, 0.000177346, 0
-0.0880443, 0.102191, 0.860644, 0, 0, 0.509208, 7.32002e-05, 8.42323e-05, -6.16383e-05, 8.42323e-05, 0.000142023, -6.7217e-05, -6.16384e-05, -6.7217e-05, 0.000179366, 0
-0.0688853, 0.13749, 0.858087, 0, 0, 0.513504, 7.64291e-05, 8.55877e-05, -6.70633e-05, 8.55877e-05, 0.00014097, -6.87985e-05, -6.70633e-05, -6.87986e-05, 0.000178267, 0
-0.0532256, 0.167042, 0.855509, 0, 0, 0.517788, 7.82072e-05, 8.51994e-05, -7.08799e-05, 8.51994e-05, 0.000137547, -7.0282e-05, -7.08799e-05, -7.02821e-05, 0.000174215, 0
-0.0415602, 0.189599, 0.852909, 0, 0, 0.522059, 7.83905e-05, 8.33129e-05, -7.29182e-05, 8.33129e-05, 0.000132313, -7.14896e-05, -7.29182e-05, -7.14896e-05, 0.000167736, 0
-0.0342037, 0.20418, 0.850288, 0, 0, 0.526317, 7.7016e-05, 8.03355e-05, -7.31958e-05, 8.03355e-05, 0.000126123, -7.24095e-05, -7.31958e-05, -7.24095e-05, 0.000159723, 0
-0.0312821, 0.210118, 0.847646, 0, 0, 0.530562, 7.42949e-05, 7.67906e-05, -7.18801e-05, 7.67906e-05, 0.000120059, -7.3161e-05, -7.18801e-05, -7.3161e-05, 0.000151396, 0
-0.0327355, 0.207088, 0.844983, 0, 0, 0.534794, 7.05718e-05, 7.32489e-05, -6.92226e-05, 7.32489e-05, 0.000115335, -7.39392e-05, -6.92226e-05, -7.39392e-05, 0.000144182, 0
-0.0383271, 0.195126, 0.842298, 0, 0, 0.539012, 6.62595e-05, 7.02382e-05, -6.54872e-05, 7.02382e-05, 0.000113149, -7.49715e-05, -6.54872e-05, -7.49716e-05, 0.000139506, 0
-0.0476598, 0.174629, 0.839592, 0, 0, 0.543217, 6.1762e-05, 6.814e-05, -6.08956e-05, 6.814e-05, 0.000114491, -7.65027e-05, -6.08956e-05, -7.65027e-05, 0.000138525, 0
-0.0601995, 0.146342, 0.836866, 0, 0, 0.547408, 5.74064e-05, 6.70959e-05, -5.5612e-05, 6.70959e-05, 0.000119932, -7.8804e-05, -5.5612e-05, -7.8804e-05, 0.000141853, 0
-0.075302, 0.111333, 0.834118, 0, 0, 0.551585, 5.33999e-05, 6.6954e-05, -4.9764e-05, 6.6954e-05, 0.000129466, -8.21676e-05, -4.9764e-05, -8.21676e-05, 0.000149361, 0
-0.0922457, 0.0709498, 0.83135, 0, 0, 0.555749, 4.9822e-05, 6.7288e-05, -4.34771e-05, 6.7288e-05, 0.000142466, -8.6841e-05, -4.34771e-05, -8.6841e-05, 0.000160166, 0
-0.110266, 0.0267692, 0.828561, 0, 0, 0.559899, 4.66522e-05, 6.75001e-05, -3.68972e-05, 6.75001e-05, 0.000157784, -9.29042e-05, -3.68972e-05, -9.29042e-05, 0.000172819, 0
-0.128586, -0.0194655, 0.825751, 0, 0, 0.564035, 4.38177e-05, 6.69794e-05, -3.01941e-05, 6.69794e-05, 0.000173948, -0.000100159, -3.01941e-05, -0.000100159, 0.000185624, 0
-0.146456, -0.065914, 0.822921, 0, 0, 0.568156, 4.1238e-05, 6.52598e-05, -2.35614e-05, 6.52598e-05, 0.000189393, -0.000108112, -2.35614e-05, -0.000108112, 0.00019696, 0
-0.163179, -0.110713, 0.82007, 0, 0, 0.572264, 3.88491e-05, 6.21282e-05, -1.72222e-05, 6.21282e-05, 0.000202676, -0.000116083, -1.72222e-05, -0.000116083, 0.00020553, 0
-0.178141, -0.152052, 0.817198, 0, 0, 0.576357, 3.66066e-05, 5.76618e-05, -1.14317e-05, 5.76618e-05, 0.000212655, -0.000123367, -1.14317e-05, -0.000123367, 0.000210502, 0
-0.190833, -0.188247, 0.814306, 0, 0, 0.580436, 3.44786e-05, 5.22005e-05, -6.4621e-06, 5.22005e-05, 0.000218646, -0.0001294, -6.46208e-06, -0.0001294, 0.00021158, 0
-0.200869, -0.217809, 0.811394, 0, 0, 0.5845, 3.24426e-05, 4.62741e-05, -2.57386e-06, 4.62741e-05, 0.000220509, -0.000133856, -2.57384e-06, -0.000133856, 0.000209009, 0
-0.207993, -0.239506, 0.808461, 0, 0, 0.58855, 3.04915e-05, 4.05112e-05, 2.29647e-08, 4.05112e-05, 0.00021868, -0.000136662, 2.29792e-08, -0.000136662, 0.000203534, 0
-0.21209, -0.252417, 0.805508, 0, 0, 0.592585, 2.86464e-05, 3.55486e-05, 1.19459e-06, 3.55486e-05, 0.000214118, -0.000137958, 1.1946e-06, -0.000137958, 0.000196311, 0
-0.213178, -0.255967, 0.802535, 0, 0, 0.596605, 2.69685e-05, 3.1955e-05, 8.8898e-07, 3.1955e-05, 0.000208176, -0.000138016, 8.88993e-07, -0.000138016, 0.00018877, 0
-0.211402, -0.249957, 0.799542, 0, 0, 0.60061, 2.55635e-05, 3.01709e-05, -8.82913e-07, 3.01709e-05, 0.000202422, -0.000137161, -8.82902e-07, -0.000137161, 0.000182428, 0
-0.207023, -0.234571, 0.796529, 0, 0, 0.6046, 2.45736e-05, 3.04622e-05, -4.08166e-06, 3.04622e-05, 0.000198392, -0.000135723, -4.08165e-06, -0.000135723, 0.000178659, 0
-0.200397, -0.210373, 0.793496, 0, 0, 0.608575, 2.41626e-05, 3.28897e-05, -8.67227e-06, 3.28897e-05, 0.000197323, -0.00013403, -8.67226e-06, -0.00013403, 0.000178431, 0
-0.191954, -0.178283, 0.790443, 0, 0, 0.612535, 2.44964e-05, 3.72997e-05, -1.46333e-05, 3.72997e-05, 0.000199895, -0.000132446, -1.46333e-05, -0.000132446, 0.000182078, 0
-0.182176, -0.139547, 0.787371, 0, 0, 0.61648, 2.57223e-05, 4.33507e-05, -2.1926e-05, 4.33507e-05, 0.000206061, -0.000131399, -2.1926e-05, -0.000131399, 0.000189198, 0
-0.171569, -0.0956842, 0.784279, 0, 0, 0.620409, 2.79443e-05, 5.05763e-05, -3.04316e-05, 5.05763e-05, 0.000215042, -0.000131341, -3.04316e-05, -0.000131341, 0.000198744, 0
-0.16064, -0.0484264, 0.781167, 0, 0, 0.624322, 3.11903e-05, 5.84626e-05, -3.98891e-05, 5.84626e-05, 0.000225522, -0.00013262, -3.98891e-05, -0.00013262, 0.000209299, 0
-0.149873, 0.000348199, 0.778036, 0, 0, 0.62822, 3.53762e-05, 6.65098e-05, -4.9879e-05, 6.65098e-05, 0.000235977, -0.000135325, -4.9879e-05, -0.000135325, 0.000219418, 0
-0.139707, 0.0486922, 0.774885, 0, 0, 0.632103, 4.02801e-05, 7.42572e-05, -5.98606e-05, 7.42572e-05, 0.000244995, -0.000139217, -5.98606e-05, -0.000139217, 0.000227871, 0
-0.130517, 0.0946673, 0.771715, 0, 0, 0.635969, 4.55442e-05, 8.12878e-05, -6.92436e-05, 8.12878e-05, 0.000251507, -0.0001438, -6.92436e-05, -0.0001438, 0.000233759, 0
-0.122605, 0.136423, 0.768525, 0, 0, 0.63982, 5.07072e-05, 8.7234e-05, -7.7463e-05, 8.7234e-05, 0.00025488, -0.000148481, -7.7463e-05, -0.000148481, 0.000236546, 0
-0.116183, 0.17227, 0.765316, 0, 0, 0.643654, 5.52634e-05, 9.17983e-05, -8.40424e-05, 9.17983e-05, 0.000254957, -0.000152738, -8.40424e-05, -0.000152738, 0.000236076, 0
-0.111374, 0.200752, 0.762089, 0, 0, 0.647473, 5.87347e-05, 9.4781e-05, -8.86393e-05, 9.4781e-05, 0.000252052, -0.000156231, -8.86392e-05, -0.000156231, 0.000232614, 0
-0.10821, 0.220705, 0.758842, 0, 0, 0.651275, 6.07405e-05, 9.61008e-05, -9.10691e-05, 9.61008e-05, 0.000246932, -0.000158846, -9.10691e-05, -0.000158846, 0.000226859, 0
-0.106638, 0.231301, 0.755576, 0, 0, 0.655061, 6.10519e-05, 9.57954e-05, -9.13048e-05, 9.57954e-05, 0.00024076, -0.000160669, -9.13048e-05, -0.000160669, 0.00021992, 0
-0.106529, 0.23209, 0.752291, 0, 0, 0.658831, 5.96188e-05, 9.3998e-05, -8.94463e-05, 9.3998e-05, 0.000234972, -0.000161932, -8.94463e-05, -0.000161932, 0.000213206, 0
-0.107691, 0.223012, 0.748988, 0, 0, 0.662584, 5.6569e-05, 9.08922e-05, -8.56679e-05, 9.08922e-05, 0.000231097, -0.000162943, -8.56679e-05, -0.000162943, 0.000208244, 0
-0.109883, 0.204406, 0.745665, 0, 0, 0.666321, 5.21832e-05, 8.66585e-05, -8.01603e-05, 8.66585e-05, 0.000230513, -0.000164047, -8.01603e-05, -0.000164047, 0.000206413, 0
-0.112835, 0.176993, 0.742324, 0, 0, 0.670041, 4.68562e-05, 8.14254e-05, -7.30887e-05, 8.14254e-05, 0.000234177, -0.000165615, -7.30887e-05, -0.000165615, 0.000208654, 0
-0.116264, 0.141852, 0.738965, 0, 0, 0.673744, 4.10521e-05, 7.5239e-05, -6.45871e-05, 7.5239e-05, 0.000242393, -0.00016804, -6.45871e-05, -0.00016804, 0.000215216, 0
-0.119893, 0.100373, 0.735587, 0, 0, 0.67743, 3.52584e-05, 6.80652e-05, -5.47909e-05, 6.80652e-05, 0.000254711, -0.000171711, -5.47909e-05, -0.000171711, 0.000225553, 0
-0.123468, 0.0542034, 0.732191, 0, 0, 0.6811, 2.9937e-05, 5.98316e-05, -4.38896e-05, 5.98316e-05, 0.000269997, -0.000176906, -4.38897e-05, -0.000176906, 0.000238441, 0
-0.12677, 0.00518386, 0.728776, 0, 0, 0.684752, 2.54752e-05, 5.05057e-05, -3.21685e-05, 5.05058e-05, 0.000286668, -0.000183649, -3.21686e-05, -0.000183649, 0.000252278, 0
-0.129632, -0.0447296, 0.725343, 0, 0, 0.688387, 2.21387e-05, 4.01838e-05, -2.00225e-05, 4.01839e-05, 0.000302999, -0.000191633, -2.00225e-05, -0.000191633, 0.000265428, 0
-0.131941, -0.0935419, 0.721892, 0, 0, 0.692006, 2.0035e-05, 2.91518e-05, -7.94393e-06, 2.91519e-05, 0.000317387, -0.000200257, -7.94395e-06, -0.000200257, 0.000276493, 0
-0.133648, -0.1393, 0.718423, 0, 0, 0.695606, 1.90963e-05, 1.78916e-05, 3.51225e-06, 1.78917e-05, 0.000328571, -0.000208791, 3.51223e-06, -0.000208791, 0.000284465, 0
-0.134762, -0.180173, 0.714936, 0, 0, 0.69919, 1.90909e-05, 7.02833e-06, 1.37763e-05, 7.02835e-06, 0.000335768, -0.000216557, 1.37763e-05, -0.000216557, 0.000288803, 0
-0.135356, -0.214524, 0.711431, 0, 0, 0.702756, 1.96655e-05, -2.7617e-06, 2.23239e-05, -2.76168e-06, 0.000338774, -0.000223085, 2.23239e-05, -0.000223085, 0.000289466, 0
-0.135548, -0.240977, 0.707909, 0, 0, 0.706304, 2.04141e-05, -1.08535e-05, 2.87312e-05, -1.08535e-05, 0.000337992, -0.000228172, 2.87312e-05, -0.000228172, 0.000286916, 0
-0.1355, -0.258475, 0.704368, 0, 0, 0.709835, 2.09589e-05, -1.67603e-05, 3.27155e-05, -1.67603e-05, 0.0003344, -0.000231879, 3.27155e-05, -0.000231879, 0.000282074, 0
-0.1354, -0.266318, 0.70081, 0, 0, 0.713348, 2.10246e-05, -2.01871e-05, 3.41462e-05, -2.0187e-05, 0.000329434, -0.000234461, 3.41461e-05, -0.000234461, 0.00027623, 0
-0.135449, -0.264195, 0.697235, 0, 0, 0.716843, 2.04903e-05, -2.10463e-05, 3.30242e-05, -2.10463e-05, 0.000324805, -0.000236282, 3.30241e-05, -0.000236282, 0.000270886, 0
-0.135842, -0.252196, 0.693642, 0, 0, 0.72032, 1.94105e-05, -1.94389e-05, 2.94408e-05, -1.94389e-05, 0.000322255, -0.000237742, 2.94408e-05, -0.000237742, 0.000267538, 0
-0.136756, -0.230806, 0.690032, 0, 0, 0.723779, 1.80043e-05, -1.56078e-05, 2.35342e-05, -1.56078e-05, 0.000323274, -0.000239253, 2.35341e-05, -0.000239253, 0.000267426, 0
-0.138335, -0.200889, 0.686404, 0, 0, 0.72722, 1.6618e-05, -9.87228e-06, 1.54687e-05, -9.87227e-06, 0.000328823, -0.000241248, 1.54687e-05, -0.000241248, 0.000271263, 0
-0.140674, -0.163647, 0.68276, 0, 0, 0.730643, 1.5665e-05, -2.5552e-06, 5.44933e-06, -2.55518e-06, 0.00033913, -0.000244203, 5.44931e-06, -0.000244203, 0.000279061, 0
-0.143813, -0.120579, 0.679098, 0, 0, 0.734048, 1.55494e-05, 6.07545e-06, -6.23818e-06, 6.07547e-06, 0.000353632, -0.000248594, -6.2382e-06, -0.000248595, 0.000290112, 0
-0.147724, -0.0734117, 0.675419, 0, 0, 0.737434, 1.65859e-05, 1.58233e-05, -1.91932e-05, 1.58233e-05, 0.00037112, -0.000254772, -1.91932e-05, -0.000254772, 0.000303166, 0
-0.152316, -0.024036, 0.671723, 0, 0, 0.740802, 1.89308e-05, 2.65251e-05, -3.29017e-05, 2.65251e-05, 0.000390014, -0.000262795, -3.29017e-05, -0.000262795, 0.000316733, 0
-0.15743, 0.0255724, 0.668011, 0, 0, 0.744151, 2.25402e-05, 3.79752e-05, -4.67692e-05, 3.79752e-05, 0.000408656, -0.000272349, -4.67692e-05, -0.000272349, 0.000329365, 0
-0.162848, 0.0734325, 0.664282, 0, 0, 0.747482, 2.71636e-05, 4.98563e-05, -6.0165e-05, 4.98563e-05, 0.000425543, -0.000282796, -6.0165e-05, -0.000282796, 0.00033985, 0
-0.168301, 0.117637, 0.660536, 0, 0, 0.750794, 3.23685e-05, 6.17084e-05, -7.24607e-05, 6.17084e-05, 0.000439465, -0.000293334, -7.24607e-05, -0.000293334, 0.000347324, 0
-0.173481, 0.156432, 0.656774, 0, 0, 0.754087, 3.75946e-05, 7.29431e-05, -8.30642e-05, 7.29431e-05, 0.00044962, -0.000303193, -8.30642e-05, -0.000303194, 0.000351339, 0
-0.178058, 0.188281, 0.652995, 0, 0, 0.757362, 4.22296e-05, 8.28905e-05, -9.14551e-05, 8.28905e-05, 0.000455689, -0.000311777, -9.14552e-05, -0.000311777, 0.000351916, 0
-0.181699, 0.211935, 0.6492, 0, 0, 0.760617, 4.56995e-05, 9.08621e-05, -9.72209e-05, 9.08621e-05, 0.000457888, -0.000318741, -9.72209e-05, -0.000318741, 0.000349567, 0
-0.184086, 0.226474, 0.645389, 0, 0, 0.763854, 4.75589e-05, 9.62117e-05, -0.000100083, 9.62117e-05, 0.000456952, -0.000324001, -0.000100083, -0.000324001, 0.000345268, 0
-0.184936, 0.231348, 0.641562, 0, 0, 0.767071, 4.75659e-05, 9.83883e-05, -9.99029e-05, 9.83883e-05, 0.000454048, -0.000327684, -9.99029e-05, -0.000327684, 0.000340362, 0
-0.184021, 0.226396, 0.637719, 0, 0, 0.770269, 4.57271e-05, 9.6975e-05, -9.66659e-05, 9.6975e-05, 0.000450597, -0.000330057, -9.66659e-05, -0.000330057, 0.000336393, 0
-0.181183, 0.211852, 0.633859, 0, 0, 0.773448, 4.23062e-05, 9.17215e-05, -9.04419e-05, 9.17215e-05, 0.000448043, -0.00033147, -9.04419e-05, -0.00033147, 0.000334866, 0
-0.176348, 0.188333, 0.629984, 0, 0, 0.776608, 3.77942e-05, 8.25725e-05, -8.13432e-05, 8.25725e-05, 0.00044757, -0.000332314, -8.13432e-05, -0.000332314, 0.00033696, 0
-0.16954, 0.156815, 0.626093, 0, 0, 0.779748, 3.28486e-05, 6.96939e-05, -6.94996e-05, 6.96939e-05, 0.000449842, -0.000333021, -6.94996e-05, -0.000333021, 0.000343248, 0
-0.160883, 0.11859, 0.622187, 0, 0, 0.782869, 2.82082e-05, 5.3487e-05, -5.50734e-05, 5.3487e-05, 0.000454835, -0.000334052, -5.50733e-05, -0.000334052, 0.000353516, 0
-0.150601, 0.0752114, 0.618265, 0, 0, 0.78597, 2.45935e-05, 3.45787e-05, -3.83165e-05, 3.45787e-05, 0.000461831, -0.000335849, -3.83165e-05, -0.000335849, 0.000366791, 0
-0.139018, 0.0284345, 0.614327, 0, 0, 0.789051, 2.25978e-05, 1.3789e-05, -1.96458e-05, 1.3789e-05, 0.000469613, -0.000338709, -1.96458e-05, -0.000338709, 0.000381585, 0
-0.126546, -0.0198587, 0.610374, 0, 0, 0.792113, 2.2583e-05, -7.92017e-06, 3.085e-07, -7.92016e-06, 0.000476788, -0.000342673, 3.085e-07, -0.000342673, 0.000396262, 0
-0.11367, -0.0677347, 0.606406, 0, 0, 0.795155, 2.46021e-05, -2.95035e-05, 2.07109e-05, -2.95034e-05, 0.000482114, -0.000347484, 2.07109e-05, -0.000347484, 0.000409361, 0
-0.100929, -0.113287, 0.602423, 0, 0, 0.798177, 2.83697e-05, -4.99017e-05, 4.05903e-05, -4.99017e-05, 0.000484734, -0.000352686, 4.05903e-05, -0.000352686, 0.000419778, 0
-0.0888941, -0.154712, 0.598424, 0, 0, 0.801179, 3.3298e-05, -6.81266e-05, 5.89412e-05, -6.81266e-05, 0.0004843, -0.000357788, 5.89412e-05, -0.000357788, 0.000426835, 0
-0.0781433, -0.190383, 0.594411, 0, 0, 0.804161, 3.85958e-05, -8.33534e-05, 7.48328e-05, -8.33534e-05, 0.000480999, -0.000362429, 7.48328e-05, -0.000362429, 0.000430304, 0
-0.0692328, -0.218911, 0.590383, 0, 0, 0.807123, 4.34112e-05, -9.50047e-05, 8.75015e-05, -9.50047e-05, 0.000475523, -0.000366474, 8.75015e-05, -0.000366474, 0.000430418, 0
-0.062671, -0.239206, 0.58634, 0, 0, 0.810065, 4.69891e-05, -0.000102804, 9.64164e-05, -0.000102804, 0.000469007, -0.000370031, 9.64164e-05, -0.000370032, 0.000427866, 0
-0.0588907, -0.25051, 0.582282, 0, 0, 0.812987, 4.88082e-05, -0.000106783, 0.000101301, -0.000106783, 0.000462913, -0.000373401, 0.000101301, -0.000373401, 0.000423754, 0
-0.0582262, -0.252433, 0.57821, 0, 0, 0.815888, 4.86704e-05, -0.000107246, 0.000102114, -0.000107246, 0.000458893, -0.00037699, 0.000102114, -0.00037699, 0.000419495, 0
-0.0608915, -0.244963, 0.574123, 0, 0, 0.818769, 4.67262e-05, -0.000104683, 9.89943e-05, -0.000104683, 0.000458591, -0.000381236, 9.89943e-05, -0.000381236, 0.00041663, 0
-0.066965, -0.228464, 0.570022, 0, 0, 0.821629, 4.34339e-05, -9.96627e-05, 9.22021e-05, -9.96626e-05, 0.000463424, -0.000386554, 9.22021e-05, -0.000386554, 0.000416581, 0
-0.0763785, -0.203661, 0.565907, 0, 0, 0.824469, 3.94633e-05, -9.27054e-05, 8.20774e-05, -9.27054e-05, 0.000474343, -0.000393332, 8.20774e-05, -0.000393332, 0.00042037, 0
-0.0889132, -0.171604, 0.561778, 0, 0, 0.827288, 3.55641e-05, -8.41754e-05, 6.90358e-05, -8.41754e-05, 0.000491648, -0.000401938, 6.90358e-05, -0.000401938, 0.00042837, 0
-0.104202, -0.133627, 0.557634, 0, 0, 0.830087, 3.24243e-05, -7.42196e-05, 5.35882e-05, -7.42196e-05, 0.000514892, -0.000412685, 5.35882e-05, -0.000412685, 0.000440182, 0
-0.12174, -0.0912902, 0.553477, 0, 0, 0.832865, 3.05518e-05, -6.27924e-05, 3.63513e-05, -6.27924e-05, 0.000542947, -0.000425726, 3.63513e-05, -0.000425727, 0.00045471, 0
-0.1409, -0.0463156, 0.549306, 0, 0, 0.835622, 3.02031e-05, -4.97658e-05, 1.80267e-05, -4.97658e-05, 0.000574179, -0.000440913, 1.80267e-05, -0.000440913, 0.000470407, 0
-0.160955, -0.0005174, 0.545121, 0, 0, 0.838358, 3.1366e-05, -3.50854e-05, -6.42127e-07, -3.50854e-05, 0.000606668, -0.000457707, -6.42137e-07, -0.000457706, 0.0004856, 0
-0.181104, 0.0442733, 0.540922, 0, 0, 0.841073, 3.3785e-05, -1.89114e-05, -1.89058e-05, -1.89114e-05, 0.000638415, -0.000475226, -1.89058e-05, -0.000475225, 0.000498774, 0
-0.200509, 0.0862817, 0.53671, 0, 0, 0.843767, 3.70121e-05, -1.70256e-06, -3.60277e-05, -1.70257e-06, 0.000667519, -0.000492405, -3.60277e-05, -0.000492405, 0.000508771, 0
-0.218326, 0.123861, 0.532484, 0, 0, 0.84644, 4.04779e-05, 1.57704e-05, -5.12947e-05, 1.57704e-05, 0.000692358, -0.0005082, -5.12947e-05, -0.0005082, 0.000514921, 0
-0.233743, 0.155555, 0.528246, 0, 0, 0.849092, 4.35767e-05, 3.24763e-05, -6.40399e-05, 3.24763e-05, 0.000711729, -0.000521752, -6.40399e-05, -0.000521752, 0.000517096, 0
-0.246017, 0.180161, 0.523993, 0, 0, 0.851722, 4.57647e-05, 4.72214e-05, -7.3679e-05, 4.72214e-05, 0.00072496, -0.000532484, -7.3679e-05, -0.000532484, 0.000515718, 0
-0.25451, 0.196767, 0.519728, 0, 0, 0.854332, 4.66584e-05, 5.87738e-05, -7.97514e-05, 5.87738e-05, 0.000731934, -0.000540111, -7.97514e-05, -0.000540111, 0.000511708, 0
-0.258718, 0.204796, 0.51545, 0, 0, 0.85692, 4.61178e-05, 6.59908e-05, -8.1951e-05, 6.59908e-05, 0.000733059, -0.000544596, -8.1951e-05, -0.000544596, 0.000506368, 0
-0.258299, 0.204016, 0.511159, 0, 0, 0.859486, 4.42953e-05, 6.79398e-05, -8.01355e-05, 6.79398e-05, 0.000729156, -0.000546076, -8.01355e-05, -0.000546076, 0.000501227, 0
-0.253096, 0.194553, 0.506855, 0, 0, 0.862031, 4.16321e-05, 6.40056e-05, -7.43114e-05, 6.40056e-05, 0.0007213, -0.00054479, -7.43114e-05, -0.00054479, 0.000497816, 0
-0.243146, 0.176878, 0.502539, 0, 0, 0.864555, 3.87984e-05, 5.39853e-05, -6.46022e-05, 5.39852e-05, 0.000710617, -0.000541038, -6.46021e-05, -0.000541038, 0.000497407, 0
-0.228689, 0.151787, 0.49821, 0, 0, 0.867056, 3.65799e-05, 3.81631e-05, -5.1217e-05, 3.8163e-05, 0.000698073, -0.000535178, -5.1217e-05, -0.000535178, 0.000500741, 0
-0.210162, 0.120364, 0.493868, 0, 0, 0.869537, 3.5737e-05, 1.73431e-05, -3.44419e-05, 1.73431e-05, 0.000684298, -0.000527649, -3.44418e-05, -0.000527649, 0.000507812, 0
-0.188188, 0.0839322, 0.489515, 0, 0, 0.871995, 3.68633e-05, -7.18933e-06, -1.46731e-05, -7.18935e-06, 0.000669507, -0.000518983, -1.46731e-05, -0.000518983, 0.000517829, 0
-0.163557, 0.0440031, 0.485148, 0, 0, 0.874432, 4.02733e-05, -3.37986e-05, 7.5171e-06, -3.37986e-05, 0.000653573, -0.000509759, 7.51712e-06, -0.000509759, 0.000529401, 0
-0.137194, 0.0022081, 0.48077, 0, 0, 0.876847, 4.59361e-05, -6.07029e-05, 3.1318e-05, -6.07029e-05, 0.000636222, -0.000500507, 3.1318e-05, -0.000500507, 0.0005409, 0
-0.110128, -0.0397669, 0.47638, 0, 0, 0.879239, 5.34594e-05, -8.61994e-05, 5.56794e-05, -8.61994e-05, 0.000617294, -0.000491616, 5.56794e-05, -0.000491616, 0.000550842, 0
-0.083447, -0.080249, 0.471978, 0, 0, 0.88161, 6.21287e-05, -0.000108855, 7.93897e-05, -0.000108855, 0.000596934, -0.000483306, 7.93897e-05, -0.000483306, 0.000558131, 0
-0.0582592, -0.117647, 0.467564, 0, 0, 0.883959, 7.10027e-05, -0.000127626, 0.000101214, -0.000127626, 0.000575675, -0.000475697, 0.000101214, -0.000475697, 0.00056213, 0
-0.0356418, -0.150514, 0.463138, 0, 0, 0.886286, 7.90555e-05, -0.000141914, 0.000120037, -0.000141914, 0.000554406, -0.000468913, 0.000120037, -0.000468913, 0.000562639, 0
-0.0165972, -0.177605, 0.458701, 0, 0, 0.888591, 8.53445e-05, -0.000151557, 0.000134984, -0.000151557, 0.000534272, -0.000463165, 0.000134984, -0.000463164, 0.000559864, 0
-0.00200856, -0.197922, 0.454253, 0, 0, 0.890873, 8.91723e-05, -0.000156779, 0.000145486, -0.000156779, 0.000516572, -0.000458777, 0.000145486, -0.000458776, 0.000554404, 0
0.00740141, -0.210755, 0.449793, 0, 0, 0.893133, 9.021e-05, -0.000158108, 0.000151297, -0.000158108, 0.000502654, -0.000456155, 0.000151297, -0.000456155, 0.000547231, 0
0.0111048, -0.2157, 0.445321, 0, 0, 0.895371, 8.85584e-05, -0.000156272, 0.000152456, -0.000156272, 0.000493835, -0.00045572, 0.000152456, -0.00045572, 0.000539635, 0
0.00879573, -0.21268, 0.440839, 0, 0, 0.897586, 8.4731e-05, -0.000152076, 0.000149214, -0.000152076, 0.000491309, -0.000457834, 0.000149214, -0.000457834, 0.000533093, 0
0.000409214, -0.201935, 0.436345, 0, 0, 0.899779, 7.95592e-05, -0.000146276, 0.000141954, -0.000146276, 0.000496034, -0.000462757, 0.000141954, -0.000462757, 0.000529062, 0
-0.0138703, -0.184011, 0.431841, 0, 0, 0.90195, 7.40318e-05, -0.000139451, 0.000131129, -0.000139451, 0.000508601, -0.00047064, 0.000131129, -0.00047064, 0.000528709, 0
-0.0336103, -0.159736, 0.427326, 0, 0, 0.904098, 6.90993e-05, -0.000131901, 0.000117255, -0.000131901, 0.000529099, -0.000481537, 0.000117255, -0.000481536, 0.000532638, 0
-0.0581421, -0.130178, 0.4228, 0, 0, 0.906223, 6.54851e-05, -0.000123593, 0.000100918, -0.000123593, 0.000557025, -0.000495398, 0.000100918, -0.000495397, 0.000540695, 0
-0.086583, -0.0965979, 0.418264, 0, 0, 0.908326, 6.35581e-05, -0.000114208, 8.27872e-05, -0.000114208, 0.000591276, -0.00051201, 8.27872e-05, -0.00051201, 0.000551952, 0
-0.117869, -0.0603997, 0.413717, 0, 0, 0.910406, 6.33011e-05, -0.000103285, 6.359e-05, -0.000103285, 0.000630232, -0.000530906, 6.359e-05, -0.000530906, 0.00056489, 0
-0.150792, -0.0230677, 0.40916, 0, 0, 0.912463, 6.43702e-05, -9.04218e-05, 4.40612e-05, -9.04219e-05, 0.000671891, -0.000551298, 4.40612e-05, -0.000551298, 0.000577728, 0
-0.184051, 0.0138937, 0.404592, 0, 0, 0.914497, 6.62109e-05, -7.5467e-05, 2.49094e-05, -7.5467e-05, 0.00071403, -0.000572125, 2.49094e-05, -0.000572125, 0.00058877, 0
-0.216302, 0.0490214, 0.400015, 0, 0, 0.916509, 6.81852e-05, -5.86503e-05, 6.8085e-06, -5.86503e-05, 0.000754376, -0.000592186, 6.80852e-06, -0.000592185, 0.000596685, 0
-0.246212, 0.080952, 0.395427, 0, 0, 0.918497, 6.96821e-05, -4.0622e-05, -9.59948e-06, -4.0622e-05, 0.000790767, -0.000610316, -9.59946e-06, -0.000610316, 0.000600674, 0
-0.272515, 0.108475, 0.39083, 0, 0, 0.920463, 7.02077e-05, -2.24014e-05, -2.37112e-05, -2.24014e-05, 0.000821308, -0.000625538, -2.37111e-05, -0.000625538, 0.00060053, 0
-0.294066, 0.13058, 0.386223, 0, 0, 0.922406, 6.94556e-05, -5.2571e-06, -3.49909e-05, -5.25713e-06, 0.000844489, -0.000637139, -3.49909e-05, -0.000637139, 0.000596622, 0
-0.309893, 0.146491, 0.381606, 0, 0, 0.924325, 6.73639e-05, 9.44795e-06, -4.30106e-05, 9.44793e-06, 0.000859269, -0.000644684, -4.30106e-05, -0.000644684, 0.000589814, 0
-0.319237, 0.155699, 0.37698, 0, 0, 0.926222, 6.41526e-05, 2.04177e-05, -4.74851e-05, 2.04177e-05, 0.000865128, -0.000647984, -4.74851e-05, -0.000647984, 0.000581345, 0
-0.32159, 0.157972, 0.372344, 0, 0, 0.928095, 6.03283e-05, 2.65701e-05, -4.82902e-05, 2.657e-05, 0.000862063, -0.000647035, -4.82902e-05, -0.000647035, 0.000572686, 0
-0.316721, 0.153362, 0.367699, 0, 0, 0.929945, 5.66371e-05, 2.71625e-05, -4.54571e-05, 2.71625e-05, 0.000850555, -0.000641964, -4.54571e-05, -0.000641964, 0.000565341, 0
-0.304688, 0.142196, 0.363044, 0, 0, 0.931772, 5.39556e-05, 2.18978e-05, -3.91474e-05, 2.18978e-05, 0.000831478, -0.000632987, -3.91474e-05, -0.000632987, 0.000560626, 0
-0.285845, 0.125057, 0.358381, 0, 0, 0.933575, 5.31237e-05, 1.10033e-05, -2.96185e-05, 1.10033e-05, 0.000805977, -0.000620405, -2.96185e-05, -0.000620405, 0.000559402, 0
-0.26083, 0.102758, 0.353709, 0, 0, 0.935356, 5.47525e-05, -4.73146e-06, -1.71945e-05, -4.73147e-06, 0.000775329, -0.000604631, -1.71945e-05, -0.000604631, 0.00056185, 0
-0.230544, 0.076299, 0.349027, 0, 0, 0.937113, 5.90616e-05, -2.39951e-05, -2.26617e-06, -2.39951e-05, 0.000740808, -0.000586237, -2.26616e-06, -0.000586237, 0.000567367, 0
-0.196121, 0.0468268, 0.344338, 0, 0, 0.938846, 6.58027e-05, -4.50954e-05, 1.46732e-05, -4.50954e-05, 0.000703616, -0.000565975, 1.46732e-05, -0.000565975, 0.000574671, 0
-0.158882, 0.0155829, 0.339639, 0, 0, 0.940556, 7.42996e-05, -6.62001e-05, 3.29745e-05, -6.62001e-05, 0.000664874, -0.000544738, 3.29745e-05, -0.000544738, 0.000582132, 0
-0.120283, -0.0161486, 0.334932, 0, 0, 0.942242, 8.3582e-05, -8.56181e-05, 5.18074e-05, -8.56181e-05, 0.000625667, -0.000523461, 5.18074e-05, -0.000523461, 0.000588194, 0
-0.0818652, -0.0470937, 0.330217, 0, 0, 0.943905, 9.25616e-05, -0.000102038, 7.02038e-05, -0.000102038, 0.000587104, -0.000503012, 7.02038e-05, -0.000503012, 0.000591707, 0
-0.0451822, -0.0760409, 0.325493, 0, 0, 0.945544, 0.000100203, -0.000114659, 8.7164e-05, -0.000114659, 0.000550341, -0.000484124, 8.7164e-05, -0.000484124, 0.00059206, 0
-0.0117444, -0.101889, 0.320761, 0, 0, 0.94716, 0.000105666, -0.000123209, 0.000101785, -0.000123209, 0.000516549, -0.000467397, 0.000101785, -0.000467397, 0.000589139, 0
0.0170471, -0.123688, 0.316022, 0, 0, 0.948752, 0.000108407, -0.000127864, 0.000113366, -0.000127864, 0.000486869, -0.000453329, 0.000113366, -0.000453329, 0.000583234, 0
0.0399584, -0.140678, 0.311274, 0, 0, 0.95032, 0.000108252, -0.00012914, 0.000121477, -0.00012914, 0.000462351, -0.000442356, 0.000121477, -0.000442356, 0.000574953, 0
0.0559768, -0.15231, 0.306518, 0, 0, 0.951865, 0.000105424, -0.000127751, 0.00012596, -0.000127751, 0.000443921, -0.000434861, 0.00012596, -0.000434861, 0.000565189, 0
0.0643549, -0.158267, 0.301755, 0, 0, 0.953385, 0.000100534, -0.000124502, 0.000126904, -0.000124502, 0.000432371, -0.000431158, 0.000126904, -0.000431158, 0.000555088, 0
0.0646452, -0.158469, 0.296985, 0, 0, 0.954882, 9.45142e-05, -0.000120172, 0.000124563, -0.000120172, 0.000428349, -0.000431456, 0.000124563, -0.000431456, 0.000545974, 0
0.0567228, -0.153071, 0.292206, 0, 0, 0.956355, 8.84961e-05, -0.00011543, 0.000119283, -0.00011543, 0.000432344, -0.000435839, 0.000119282, -0.000435839, 0.000539213, 0
0.0407942, -0.14245, 0.287421, 0, 0, 0.957804, 8.36218e-05, -0.000110741, 0.000111438, -0.000110741, 0.000444637, -0.000444262, 0.000111438, -0.000444262, 0.000535995, 0
0.0173944, -0.127184, 0.282628, 0, 0, 0.959229, 8.08208e-05, -0.000106292, 0.000101419, -0.000106292, 0.000465226, -0.00045657, 0.000101419, -0.00045657, 0.000537073, 0
-0.0126315, -0.10802, 0.277829, 0, 0, 0.960631, 8.05953e-05, -0.000101949, 8.96465e-05, -0.000101949, 0.000493749, -0.0004725, 8.96464e-05, -0.0004725, 0.000542544, 0
-0.0481583, -0.0858423, 0.273022, 0, 0, 0.962008, 8.28908e-05, -9.7292e-05, 7.65914e-05, -9.7292e-05, 0.00052943, -0.000491646, 7.65913e-05, -0.000491646, 0.000551739, 0
-0.0878242, -0.0616284, 0.268209, 0, 0, 0.963361, 8.71084e-05, -9.17268e-05, 6.27648e-05, -9.17268e-05, 0.000571066, -0.000513407, 6.27648e-05, -0.000513407, 0.000563318, 0
-0.130082, -0.036409, 0.263389, 0, 0, 0.96469, 9.22647e-05, -8.46716e-05, 4.8679e-05, -8.46716e-05, 0.00061705, -0.000536933, 4.8679e-05, -0.000536933, 0.000575536, 0
-0.17326, -0.011222, 0.258562, 0, 0, 0.965995, 9.7235e-05, -7.57466e-05, 3.48145e-05, -7.57466e-05, 0.000665433, -0.000561144, 3.48145e-05, -0.000561144, 0.000586606, 0
-0.215632, 0.0129299, 0.253729, 0, 0, 0.967275, 0.000100995, -6.49116e-05, 2.16151e-05, -6.49116e-05, 0.000714004, -0.000584819, 2.16151e-05, -0.000584819, 0.000595019, 0
-0.255481, 0.0351191, 0.248889, 0, 0, 0.968532, 0.00010279, -5.25162e-05, 9.49718e-06, -5.25162e-05, 0.000760403, -0.000606731, 9.49718e-06, -0.000606731, 0.000599774, 0
-0.291177, 0.0545301, 0.244043, 0, 0, 0.969764, 0.000102222, -3.92582e-05, -1.14698e-06, -3.92582e-05, 0.000802254, -0.000625775, -1.14698e-06, -0.000625775, 0.000600467, 0
-0.321236, 0.070489, 0.239192, 0, 0, 0.970972, 9.92651e-05, -2.60786e-05, -9.96339e-06, -2.60786e-05, 0.00083732, -0.000641062, -9.96339e-06, -0.000641062, 0.000597283, 0
-0.34439, 0.0824864, 0.234334, 0, 0, 0.972156, 9.42529e-05, -1.40254e-05, -1.6665e-05, -1.40254e-05, 0.000863669, -0.00065195, -1.6665e-05, -0.00065195, 0.000590924, 0
-0.359635, 0.0901933, 0.22947, 0, 0, 0.973316, 8.78431e-05, -4.11761e-06, -2.10596e-05, -4.11762e-06, 0.000879822, -0.000658053, -2.10596e-05, -0.000658053, 0.000582497, 0
-0.366277, 0.0934684, 0.224601, 0, 0, 0.974451, 8.09668e-05, 2.77529e-06, -2.30667e-05, 2.77528e-06, 0.000884874, -0.000659203, -2.30667e-05, -0.000659203, 0.000573385, 0
-0.363965, 0.0923569, 0.219726, 0, 0, 0.975562, 7.47399e-05, 6.03016e-06, -2.27174e-05, 6.03015e-06, 0.00087857, -0.000655415, -2.27174e-05, -0.000655415, 0.000565078, 0
-0.352704, 0.0870822, 0.214845, 0, 0, 0.976648, 7.03196e-05, 5.34701e-06, -2.01386e-05, 5.34701e-06, 0.000861312, -0.000646846, -2.01386e-05, -0.000646846, 0.000558965, 0
-0.332864, 0.0780293, 0.209959, 0, 0, 0.97771, 6.87038e-05, 8.03779e-07, -1.55273e-05, 8.03774e-07, 0.000834113, -0.000633765, -1.55273e-05, -0.000633766, 0.00055609, 0
-0.305163, 0.0657229, 0.205068, 0, 0, 0.978748, 7.05008e-05, -7.11876e-06, -9.12247e-06, -7.11876e-06, 0.000798494, -0.000616562, -9.12248e-06, -0.000616562, 0.000556896, 0
-0.270643, 0.0507987, 0.200172, 0, 0, 0.979761, 7.57361e-05, -1.75618e-05, -1.1897e-06, -1.75618e-05, 0.000756345, -0.000595781, -1.1897e-06, -0.000595781, 0.000561056, 0
-0.230632, 0.0339736, 0.195271, 0, 0, 0.980749, 8.37803e-05, -2.93832e-05, 7.96975e-06, -2.93832e-05, 0.000709765, -0.000572169, 7.96975e-06, -0.000572169, 0.000567481, 0
-0.186692, 0.0160109, 0.190364, 0, 0, 0.981714, 9.34528e-05, -4.13258e-05, 1.79885e-05, -4.13257e-05, 0.000660901, -0.000546697, 1.79885e-05, -0.000546697, 0.000574568, 0
-0.140554, -0.00231399, 0.185453, 0, 0, 0.982653, 0.000103281, -5.22262e-05, 2.84076e-05, -5.22262e-05, 0.000611815, -0.000520505, 2.84076e-05, -0.000520505, 0.000580621, 0
-0.0940545, -0.0202462, 0.180538, 0, 0, 0.983568, 0.000111813, -6.11989e-05, 3.86838e-05, -6.11989e-05, 0.000564377, -0.000494795, 3.86838e-05, -0.000494795, 0.000584271, 0
-0.0490564, -0.0370844, 0.175618, 0, 0, 0.984458, 0.000117886, -6.77408e-05, 4.82426e-05, -6.77408e-05, 0.000520203, -0.000470697, 4.82426e-05, -0.000470697, 0.00058472, 0
-0.00737797, -0.0522071, 0.170693, 0, 0, 0.985324, 0.000120777, -7.17361e-05, 5.65547e-05, -7.17361e-05, 0.000480632, -0.000449177, 5.65547e-05, -0.000449177, 0.000581779, 0
0.029284, -0.065096, 0.165765, 0, 0, 0.986165, 0.000120248, -7.33887e-05, 6.32068e-05, -7.33887e-05, 0.000446722, -0.000430993, 6.32068e-05, -0.000430993, 0.000575747, 0
0.0594228, -0.0753544, 0.160832, 0, 0, 0.986982, 0.00011653, -7.31179e-05, 6.79456e-05, -7.31179e-05, 0.000419279, -0.000416713, 6.79456e-05, -0.000416713, 0.000567272, 0
0.0817846, -0.082717, 0.155895, 0, 0, 0.987774, 0.000110265, -7.14539e-05, 7.06901e-05, -7.14539e-05, 0.0003989, -0.000406736, 7.069e-05, -0.000406736, 0.000557248, 0
0.0954209, -0.087056, 0.150954, 0, 0, 0.988541, 0.000102437, -6.89489e-05, 7.15128e-05, -6.89489e-05, 0.000386014, -0.000401321, 7.15128e-05, -0.000401321, 0.000546765, 0
0.0997291, -0.0883796, 0.146009, 0, 0, 0.989283, 9.4279e-05, -6.61099e-05, 7.05959e-05, -6.61099e-05, 0.000380929, -0.000400594, 7.05959e-05, -0.000400594, 0.000537053, 0
0.0944788, -0.0868238, 0.141061, 0, 0, 0.990001, 8.71399e-05, -6.33478e-05, 6.8175e-05, -6.33478e-05, 0.000383858, -0.000404558, 6.8175e-05, -0.000404558, 0.000529401, 0
0.0944788, -0.0868238, 0.141061, 0, 0, 0.990001, 8.71399e-05, -6.33478e-05, 6.8175e-05, -6.33478e-05, 0.000383858, -0.000404558, 6.8175e-05, -0.000404558, 0.000529401, 0
0.0944788, -0.0868238, 0.141061, 0, 0, 0.990001, 8.71399e-05, -6.33478e-05, 6.8175e-05, -6.33478e-05, 0.000383858, -0.000404558, 6.8175e-05, -0.000404558, 0.000529401, 0
0.0944788, -0.0868238, 0.141061, 0, 0, 0.990001, 8.71399e-05, -6.33478e-05, 6.8175e-05, -6.33478e-05, 0.000383858, -0.000404558, 6.8175e-05, -0.000404558, 0.000529401, 0
0.0944788, -0.0868238, 0.141061, 0, 0, 0.990001, 8.71399e-05, -6.33478e-05, 6.8175e-05, -6.33478e-05, 0.000383858, -0.000404558, 6.8175e-05, -0.000404558, 0.000529401, 0
0.0944788, -0.0868238, 0.141061, 0, 0, 0.990001, 8.71399e-05, -6.33478e-05, 6.8175e-05, -6.33478e-05, 0.000383858, -0.000404558, 6.8175e-05, -0.000404558, 0.000529401, 0
0.0944788, -0.0868238, 0.141061, 0, 0, 0.990001, 8.71399e-05, -6.33478e-05, 6.8175e-05, -6.33478e-05, 0.000383858, -0.000404558, 6.8175e-05, -0.000404558, 0.000529401, 0
0.0944788, -0.0868238, 0.141061, 0, 0, 0.990001, 8.71399e-05, -6.33478e-05, 6.8175e-05, -6.33478e-05, 0.000383858, -0.000404558, 6.8175e-05, -0.000404558, 0.000529401, 0
0.0944788, -0.0868238, 0.141061, 0, 0, 0.990001, 8.71399e-05, -6.33478e-05, 6.8175e-05, -6.33478e-05, 0.000383858, -0.000404558, 6.8175e-05, -0.000404558, 0.000529401, 0
0.0944788, -0.0868238, 0.141061, 0, 0, 0.990001, 8.71399e-05, -6.33478e-05, 6.8175e-05, -6.33478e-05, 0.000383858, -0.000404558, 6.8175e-05, -0.000404558, 0.000529401, 0
0.0944788, -0.0868238, 0.141061, 0, 0, 0.990001, 8.71399e-05, -6.33478e-05, 6.8175e-05, -6.33478e-05, 0.000383858, -0.000404558, 6.8175e-05, -0.000404558, 0.000529401, 0
0.0944788, -0.0868238, 0.141061, 0, 0, 0.990001, 8.71399e-05, -6.33478e-05, 6.8175e-05, -6.33478e-05, 0.000383858, -0.000404558, 6.8175e-05, -0.000404558, 0.000529401, 0
0.0944788, -0.0868238, 0.141061, 0, 0, 0.990001, 8.71399e-05, -6.33478e-05, 6.8175e-05, -6.33478e-05, 0.000383858, -0.000404558, 6.8175e-05, -0.000404558, 0.000529401, 0
0.0944788, -0.0868238, 0.141061, 0, 0, 0.990001, 8.71399e-05, -6.33478e-05, 6.8175e-05, -6.33478e-05, 0.000383858, -0.000404558, 6.8175e-05, -0.000404558, 0.000529401, 0
