7.3e-11, 1.36119e-33, 1, 0, 0, 5e-13, 7.3e-25, -6.24979e-43, -1.73323e-32, -6.24979e-43, 0, 2.773e-35, -1.73323e-32, 2.773e-35, 7.3e-25, 0
7.4e-11, 6.99004e-34, 1, 0, 0, 5e-13, 7.4e-25, -6.41795e-43, -1.75697e-32, -6.41795e-43, 0, 2.848e-35, -1.75697e-32, 2.848e-35, 7.4e-25, 0
7.5e-11, 1.07649e-33, 1, 0, 0, 5e-13, 7.5e-25, -6.60012e-43, -1.78072e-32, -6.60012e-43, 0, 2.924e-35, -1.78072e-32, 2.924e-35, 7.5e-25, 0
7.6e-11, 1.10483e-33, 1, 0, 0, 5e-13, 7.6e-25, -6.78228e-43, -1.80446e-32, -6.78228e-43, 0, 3.001e-35, -1.80446e-32, 3.001e-35, 7.6e-25, 0
7.7e-11, 1.88925e-33, 1, 0, 0, 5e-13, 7.7e-25, -6.96445e-43, -1.8282e-32, -6.96445e-43, 0, 3.079e-35, -1.8282e-32, 3.079e-35, 7.7e-25, 0
7.8e-11, -1.93772e-33, 1, 0, 0, 5e-13, 7.8e-25, -7.14662e-43, -1.85194e-32, -7.14662e-43, 0, 3.158e-35, -1.85194e-32, 3.158e-35, 7.8e-25, 0
7.9e-11, -1.19209e-33, 1, 0, 0, 5e-13, 7.9e-25, -7.32879e-43, -1.87569e-32, -7.32879e-43, 0, 3.238e-35, -1.87569e-32, 3.238e-35, 7.9e-25, 0
-0.0270355, -0.000128438, 0.999989, 0, 0, 0.00476123, 7.90724e-06, 3.95302e-08, 4.45927e-10, 3.95302e-08, 1.77366e-09, -1.11646e-07, 4.45927e-10, -1.11646e-07, 7.90921e-06, 0
-0.058807, -0.000619722, 0.999986, 0, 0, 0.0052494, 2.03468e-05, 2.21541e-07, 4.08615e-09, 2.21541e-07, 2.64026e-08, -6.14186e-07, 4.08615e-09, -6.14186e-07, 2.03746e-05, 0
-0.093506, -0.00121923, 0.999985, 0, 0, 0.00545279, 3.66497e-05, 4.77114e-07, 8.29203e-09, 4.77114e-07, 1.23098e-07, -1.78297e-06, 8.29202e-09, -1.78297e-06, 3.6796e-05, 0
-0.119767, -0.00159435, 0.99999, 0, 0, 0.00440406, 5.51427e-05, 7.76264e-07, 9.01276e-09, 7.76265e-07, 3.73019e-07, -3.81196e-06, 9.01275e-09, -3.81196e-06, 5.56372e-05, 0
-0.150863, -0.00210528, 0.999985, 0, 0, 0.00548966, 7.3572e-05, 1.02959e-06, -2.75089e-09, 1.02959e-06, 8.63789e-07, -6.71047e-06, -2.75092e-09, -6.71047e-06, 7.48172e-05, 0
-0.173588, -0.00307541, 0.999971, 0, 0, 0.00766262, 8.97029e-05, 1.30097e-06, -1.60149e-08, 1.30097e-06, 1.65582e-06, -1.02679e-05, -1.6015e-08, -1.02679e-05, 9.22178e-05, 0
-0.184642, -0.00351047, 0.999987, 0, 0, 0.00514616, 0.00010185, 1.60063e-06, -2.04392e-08, 1.60063e-06, 2.74116e-06, -1.41072e-05, -2.04393e-08, -1.41073e-05, 0.000106147, 0
-0.214063, -0.00525137, 0.999955, 0, 0, 0.00950935, 0.000109142, 1.71129e-06, -5.3036e-08, 1.71129e-06, 4.02375e-06, -1.77899e-05, -5.30361e-08, -1.77899e-05, 0.000115588, 0
-0.235757, -0.00762255, 0.999947, 0, 0, 0.0103268, 0.000111482, 1.86676e-06, -4.16578e-08, 1.86676e-06, 5.35838e-06, -2.08987e-05, -4.16578e-08, -2.08987e-05, 0.000120156, 0
-0.264899, -0.00941089, 0.999969, 0, 0, 0.00784183, 0.000109431, 1.91777e-06, -2.3122e-08, 1.91777e-06, 6.55853e-06, -2.31381e-05, -2.3122e-08, -2.31381e-05, 0.000120169, 0
-0.28396, -0.011107, 0.999965, 0, 0, 0.00836535, 0.000103997, 1.83893e-06, -2.35487e-08, 1.83893e-06, 7.45435e-06, -2.43429e-05, -2.35487e-08, -2.43429e-05, 0.000116429, 0
-0.290559, -0.0132553, 0.999951, 0, 0, 0.00987794, 9.64925e-05, 1.71394e-06, -2.34513e-08, 1.71394e-06, 7.93315e-06, -2.44934e-05, -2.34513e-08, -2.44934e-05, 0.00011019, 0
-0.295101, -0.0148596, 0.999963, 0, 0, 0.00855696, 8.84125e-05, 1.57127e-06, -2.4547e-08, 1.57127e-06, 7.94963e-06, -2.36705e-05, -2.4547e-08, -2.36705e-05, 0.00010296, 0
-0.29993, -0.0163198, 0.999965, 0, 0, 0.00839027, 8.13006e-05, 1.44554e-06, -3.75489e-08, 1.44554e-06, 7.52929e-06, -2.19946e-05, -3.75489e-08, -2.19946e-05, 9.63082e-05, 0
-0.29397, -0.0168792, 0.999976, 0, 0, 0.00690152, 7.65795e-05, 1.3699e-06, -6.12362e-08, 1.3699e-06, 6.7616e-06, -1.95801e-05, -6.12361e-08, -1.95801e-05, 9.16835e-05, 0
-0.274729, -0.0181434, 0.999947, 0, 0, 0.0102469, 7.53338e-05, 1.35412e-06, -9.28398e-08, 1.35412e-06, 5.78657e-06, -1.65058e-05, -9.28397e-08, -1.65058e-05, 9.01842e-05, 0
-0.255547, -0.0189275, 0.999938, 0, 0, 0.0111345, 7.80731e-05, 1.47169e-06, -1.52863e-07, 1.47169e-06, 4.77981e-06, -1.28081e-05, -1.52863e-07, -1.28081e-05, 9.22782e-05, 0
-0.229531, -0.0188081, 0.999943, 0, 0, 0.0107007, 8.45662e-05, 1.70376e-06, -2.37049e-07, 1.70376e-06, 3.92433e-06, -8.51873e-06, -2.37049e-07, -8.51874e-06, 9.76099e-05, 0
-0.182562, -0.0177674, 0.999885, 0, 0, 0.0151356, 9.38255e-05, 1.98833e-06, -3.39702e-07, 1.98833e-06, 3.38407e-06, -3.74781e-06, -3.39702e-07, -3.74782e-06, 0.00010505, 0
-0.137181, -0.0155795, 0.999918, 0, 0, 0.0128191, 0.000104288, 2.47227e-06, -5.27564e-07, 2.47227e-06, 3.27986e-06, 1.25522e-06, -5.27564e-07, 1.25522e-06, 0.000112945, 0
-0.102412, -0.01281, 0.999874, 0, 0, 0.0158428, 0.000114217, 2.81544e-06, -7.21726e-07, 2.81544e-06, 3.61005e-06, 6.11973e-06, -7.21726e-07, 6.11973e-06, 0.00011954, 0
-0.0771382, -0.00882037, 0.999837, 0, 0, 0.0180686, 0.000122025, 3.19875e-06, -9.93047e-07, 3.19875e-06, 4.3061e-06, 1.04246e-05, -9.93047e-07, 1.04246e-05, 0.000123484, 0
-0.045544, -0.00417704, 0.999864, 0, 0, 0.0165103, 0.000126614, 3.51526e-06, -1.32235e-06, 3.51526e-06, 5.20444e-06, 1.38234e-05, -1.32235e-06, 1.38234e-05, 0.000124072, 0
-0.00953694, 0.00357967, 0.999698, 0, 0, 0.0245951, 0.000127473, 3.58876e-06, -1.62474e-06, 3.58876e-06, 6.10283e-06, 1.61117e-05, -1.62474e-06, 1.61117e-05, 0.000121168, 0
0.0275707, 0.0102484, 0.999844, 0, 0, 0.0176685, 0.000124622, 3.68823e-06, -2.03899e-06, 3.68823e-06, 6.85715e-06, 1.72433e-05, -2.03899e-06, 1.72433e-05, 0.000115127, 0
0.0420007, 0.0178026, 0.999757, 0, 0, 0.0220622, 0.000118614, 3.4508e-06, -2.32678e-06, 3.4508e-06, 7.31861e-06, 1.73316e-05, -2.32678e-06, 1.73316e-05, 0.000106651, 0
0.0668091, 0.0251166, 0.999814, 0, 0, 0.0192688, 0.00011033, 3.16396e-06, -2.56465e-06, 3.16396e-06, 7.47574e-06, 1.65922e-05, -2.56465e-06, 1.65922e-05, 9.67868e-05, 0
0.0735788, 0.0337026, 0.999729, 0, 0, 0.0232657, 0.000100958, 2.81063e-06, -2.71241e-06, 2.81063e-06, 7.33228e-06, 1.52148e-05, -2.71241e-06, 1.52148e-05, 8.65551e-05, 0
0.0886391, 0.0411159, 0.9998, 0, 0, 0.01999, 9.18572e-05, 2.4885e-06, -2.7962e-06, 2.4885e-06, 6.95495e-06, 1.34049e-05, -2.7962e-06, 1.34049e-05, 7.72339e-05, 0
0.0860677, 0.0481866, 0.999774, 0, 0, 0.0212663, 8.44285e-05, 2.26042e-06, -2.83403e-06, 2.26042e-06, 6.4215e-06, 1.12789e-05, -2.83403e-06, 1.12789e-05, 7.00404e-05, 0
0.0795079, 0.0539607, 0.999789, 0, 0, 0.0205175, 7.9924e-05, 2.19327e-06, -2.84221e-06, 2.19327e-06, 5.83172e-06, 8.90452e-06, -2.84221e-06, 8.90452e-06, 6.61668e-05, 0
0.0613682, 0.0566853, 0.999868, 0, 0, 0.0162525, 7.92173e-05, 2.31923e-06, -2.85348e-06, 2.31923e-06, 5.28525e-06, 6.24944e-06, -2.85348e-06, 6.24944e-06, 6.64524e-05, 0
0.0416253, 0.0585822, 0.999851, 0, 0, 0.017239, 8.25806e-05, 2.5716e-06, -2.89094e-06, 2.5716e-06, 4.88218e-06, 3.21857e-06, -2.89094e-06, 3.21857e-06, 7.1207e-05, 0
0.0229593, 0.0592554, 0.99982, 0, 0, 0.0189874, 8.95256e-05, 3.0114e-06, -2.96703e-06, 3.0114e-06, 4.73819e-06, -3.08874e-07, -2.96703e-06, -3.08875e-07, 8.00347e-05, 0
-0.0117318, 0.0578652, 0.999702, 0, 0, 0.0243973, 9.88634e-05, 3.63286e-06, -3.10237e-06, 3.63286e-06, 4.96176e-06, -4.40712e-06, -3.10237e-06, -4.40712e-06, 9.18463e-05, 0
-0.0433402, 0.0545045, 0.999736, 0, 0, 0.0229763, 0.000108933, 4.52914e-06, -3.25305e-06, 4.52914e-06, 5.65035e-06, -9.03078e-06, -3.25305e-06, -9.03078e-06, 0.00010502, 0
-0.0759643, 0.0493171, 0.999625, 0, 0, 0.0273998, 0.000118037, 5.31917e-06, -3.44803e-06, 5.31917e-06, 6.80125e-06, -1.3999e-05, -3.44803e-06, -1.3999e-05, 0.000117757, 0
-0.106838, 0.0424276, 0.999614, 0, 0, 0.027799, 0.000124693, 6.15873e-06, -3.58477e-06, 6.15873e-06, 8.39299e-06, -1.90001e-05, -3.58477e-06, -1.90001e-05, 0.000128405, 0
-0.135154, 0.0348236, 0.99964, 0, 0, 0.0268463, 0.000127982, 6.76703e-06, -3.66136e-06, 6.76703e-06, 1.02713e-05, -2.36633e-05, -3.66136e-06, -2.36633e-05, 0.000135747, 0
-0.169662, 0.0266206, 0.99968, 0, 0, 0.0253161, 0.000127551, 7.05481e-06, -3.66266e-06, 7.05481e-06, 1.22334e-05, -2.76292e-05, -3.66266e-06, -2.76292e-05, 0.00013913, 0
-0.192433, 0.0187061, 0.9997, 0, 0, 0.0244956, 0.00012358, 7.02625e-06, -3.5749e-06, 7.02625e-06, 1.4049e-05, -3.05998e-05, -3.5749e-06, -3.05998e-05, 0.00013845, 0
-0.219162, 0.00902393, 0.999626, 0, 0, 0.0273439, 0.000116695, 6.75874e-06, -3.4242e-06, 6.75874e-06, 1.55087e-05, -3.24204e-05, -3.4242e-06, -3.24204e-05, 0.000134236, 0
-0.242987, -7.43889e-05, 0.999699, 0, 0, 0.0245142, 0.000107876, 6.34432e-06, -3.20039e-06, 6.34432e-06, 1.64463e-05, -3.30342e-05, -3.20039e-06, -3.30342e-05, 0.000127388, 0
-0.249787, -0.00798328, 0.999729, 0, 0, 0.0232803, 9.83732e-05, 5.8268e-06, -2.97863e-06, 5.8268e-06, 1.67663e-05, -3.25044e-05, -2.97863e-06, -3.25044e-05, 0.000119186, 0
-0.245135, -0.0137365, 0.99981, 0, 0, 0.0195009, 8.95681e-05, 5.31658e-06, -2.77997e-06, 5.31658e-06, 1.64721e-05, -3.09739e-05, -2.77997e-06, -3.09739e-05, 0.000111146, 0
-0.238891, -0.019968, 0.999768, 0, 0, 0.0215215, 8.28369e-05, 4.89122e-06, -2.61595e-06, 4.89122e-06, 1.56405e-05, -2.85859e-05, -2.61595e-06, -2.85859e-05, 0.000104739, 0
-0.231232, -0.0255067, 0.999756, 0, 0, 0.0220959, 7.9342e-05, 4.61459e-06, -2.48543e-06, 4.61459e-06, 1.44103e-05, -2.54408e-05, -2.48543e-06, -2.54408e-05, 0.000101153, 0
-0.216779, -0.0299712, 0.999701, 0, 0, 0.0244377, 7.97962e-05, 4.5257e-06, -2.38387e-06, 4.52571e-06, 1.29684e-05, -2.15976e-05, -2.38387e-06, -2.15976e-05, 0.00010107, 0
-0.19566, -0.0325466, 0.999627, 0, 0, 0.0272931, 8.42473e-05, 4.67802e-06, -2.32619e-06, 4.67802e-06, 1.15345e-05, -1.71054e-05, -2.32619e-06, -1.71054e-05, 0.000104459, 0
-0.164905, -0.0321315, 0.999626, 0, 0, 0.027346, 9.1989e-05, 5.08824e-06, -2.33512e-06, 5.08824e-06, 1.03241e-05, -1.20609e-05, -2.33512e-06, -1.20609e-05, 0.000110485, 0
-0.135187, -0.0295816, 0.99955, 0, 0, 0.0300019, 0.000101678, 5.60345e-06, -2.40729e-06, 5.60345e-06, 9.49332e-06, -6.67626e-06, -2.40729e-06, -6.67626e-06, 0.000117677, 0
-0.0998246, -0.0215646, 0.998486, 0, 0, 0.0550144, 0.000111596, 6.22986e-06, -2.5962e-06, 6.22986e-06, 9.1349e-06, -1.29597e-06, -2.5962e-06, -1.29597e-06, 0.000124298, 0
-0.0710316, -0.0112874, 0.99931, 0, 0, 0.0371502, 0.000119919, 7.80027e-06, -3.35077e-06, 7.80027e-06, 9.40463e-06, 3.60098e-06, -3.35077e-06, 3.60098e-06, 0.000128834, 0
-0.0389394, 0.00142512, 0.998963, 0, 0, 0.0455343, 0.000125669, 8.22239e-06, -3.94112e-06, 8.22239e-06, 9.7969e-06, 7.69695e-06, -3.94112e-06, 7.69695e-06, 0.000130307, 0
-0.00973104, 0.0156056, 0.999133, 0, 0, 0.0416317, 0.000127875, 8.61072e-06, -4.7448e-06, 8.61072e-06, 1.03603e-05, 1.06772e-05, -4.7448e-06, 1.06772e-05, 0.000128373, 0
0.0281215, 0.033517, 0.998887, 0, 0, 0.0471627, 0.000126422, 8.46499e-06, -5.48535e-06, 8.46499e-06, 1.08328e-05, 1.24714e-05, -5.48535e-06, 1.24714e-05, 0.000123237, 0
0.057284, 0.0520881, 0.998965, 0, 0, 0.0454844, 0.000121585, 8.09882e-06, -6.27306e-06, 8.09882e-06, 1.11328e-05, 1.31085e-05, -6.27306e-06, 1.31085e-05, 0.000115451, 0
0.0928566, 0.070191, 0.999167, 0, 0, 0.0408113, 0.000114127, 7.42978e-06, -6.92289e-06, 7.42978e-06, 1.11703e-05, 1.27819e-05, -6.92289e-06, 1.27819e-05, 0.00010589, 0
0.103256, 0.0849883, 0.999344, 0, 0, 0.0362121, 0.000105095, 6.60414e-06, -7.40888e-06, 6.60414e-06, 1.09498e-05, 1.16857e-05, -7.40888e-06, 1.16857e-05, 9.55497e-05, 0
0.108777, 0.100358, 0.999283, 0, 0, 0.0378601, 9.57645e-05, 5.83353e-06, -7.65223e-06, 5.83353e-06, 1.05516e-05, 1.00632e-05, -7.65223e-06, 1.00632e-05, 8.56577e-05, 0
0.116084, 0.113222, 0.999472, 0, 0, 0.0324936, 8.75269e-05, 5.25014e-06, -7.74361e-06, 5.25014e-06, 1.00575e-05, 8.05709e-06, -7.74361e-06, 8.05709e-06, 7.74388e-05, 0
0.110022, 0.123549, 0.999535, 0, 0, 0.0305005, 8.17145e-05, 4.93579e-06, -7.7609e-06, 4.93579e-06, 9.5551e-06, 5.73823e-06, -7.7609e-06, 5.73823e-06, 7.2089e-05, 0
0.0975563, 0.131194, 0.999592, 0, 0, 0.0285622, 7.93896e-05, 4.93826e-06, -7.74621e-06, 4.93826e-06, 9.14458e-06, 3.11673e-06, -7.74621e-06, 3.11673e-06, 7.06152e-05, 0
0.0703118, 0.135801, 0.99959, 0, 0, 0.0286229, 8.10992e-05, 5.25233e-06, -7.76027e-06, 5.25233e-06, 8.92436e-06, 1.16984e-07, -7.76027e-06, 1.16984e-07, 7.3572e-05, 0
0.0404138, 0.13756, 0.999601, 0, 0, 0.0282454, 8.66825e-05, 5.87672e-06, -7.82703e-06, 5.87672e-06, 9.00273e-06, -3.37095e-06, -7.82703e-06, -3.37095e-06, 8.08633e-05, 0
0.00868726, 0.136893, 0.999506, 0, 0, 0.031425, 9.52364e-05, 6.73154e-06, -7.9938e-06, 6.73154e-06, 9.47791e-06, -7.44714e-06, -7.9938e-06, -7.44714e-06, 9.16707e-05, 0
-0.0308603, 0.132892, 0.999419, 0, 0, 0.0340711, 0.000105251, 7.85037e-06, -8.25831e-06, 7.85037e-06, 1.04491e-05, -1.21197e-05, -8.25831e-06, -1.21197e-05, 0.000104562, 0
-0.0734789, 0.12562, 0.999253, 0, 0, 0.0386456, 0.000114986, 9.09519e-06, -8.57028e-06, 9.09519e-06, 1.1952e-05, -1.72489e-05, -8.57028e-06, -1.72489e-05, 0.000117747, 0
-0.107538, 0.11604, 0.99919, 0, 0, 0.0402475, 0.000122818, 1.03929e-05, -8.83044e-06, 1.03929e-05, 1.39609e-05, -2.25532e-05, -8.83044e-06, -2.25532e-05, 0.000129453, 0
-0.12897, 0.104965, 0.999106, 0, 0, 0.0422647, 0.000127594, 1.14542e-05, -9.01662e-06, 1.14542e-05, 1.63268e-05, -2.76735e-05, -9.01662e-06, -2.76735e-05, 0.000138285, 0
-0.155856, 0.0914452, 0.999047, 0, 0, 0.0436572, 0.000128706, 1.21815e-05, -9.09048e-06, 1.21815e-05, 1.88512e-05, -3.22408e-05, -9.09048e-06, -3.22408e-05, 0.000143407, 0
-0.163304, 0.0794029, 0.999228, 0, 0, 0.0392921, 0.000126124, 1.24788e-05, -8.98095e-06, 1.24788e-05, 2.12725e-05, -3.5903e-05, -8.98095e-06, -3.5903e-05, 0.000144462, 0
-0.193331, 0.0631382, 0.999011, 0, 0, 0.0444635, 0.000120339, 1.22672e-05, -8.80971e-06, 1.22672e-05, 2.33272e-05, -3.84729e-05, -8.80971e-06, -3.84729e-05, 0.000141812, 0
-0.205064, 0.0488918, 0.999221, 0, 0, 0.0394738, 0.000112151, 1.17585e-05, -8.42465e-06, 1.17585e-05, 2.48114e-05, -3.97689e-05, -8.42465e-06, -3.97689e-05, 0.000136035, 0
-0.21622, 0.0352418, 0.999313, 0, 0, 0.0370694, 0.000102748, 1.09856e-05, -8.01602e-06, 1.09856e-05, 2.55764e-05, -3.9847e-05, -8.01602e-06, -3.9847e-05, 0.000128373, 0
-0.209059, 0.0242776, 0.999432, 0, 0, 0.0336937, 9.34576e-05, 1.01305e-05, -7.60069e-06, 1.01305e-05, 2.55781e-05, -3.87923e-05, -7.60069e-06, -3.87923e-05, 0.000120203, 0
-0.213611, 0.0132816, 0.999493, 0, 0, 0.0318537, 8.5681e-05, 9.33633e-06, -7.22913e-06, 9.33633e-06, 2.48677e-05, -3.67662e-05, -7.22913e-06, -3.67662e-05, 0.00011307, 0
-0.205692, 0.00414771, 0.999495, 0, 0, 0.0317841, 8.06938e-05, 8.6915e-06, -6.88379e-06, 8.6915e-06, 2.3554e-05, -3.38569e-05, -6.88379e-06, -3.38569e-05, 0.00010824, 0
-0.184243, -0.00275211, 0.999429, 0, 0, 0.033778, 7.94243e-05, 8.2678e-06, -6.57978e-06, 8.2678e-06, 2.18266e-05, -3.01648e-05, -6.57978e-06, -3.01648e-05, 0.000106686, 0
-0.158488, -0.00743761, 0.999293, 0, 0, 0.0375907, 8.22151e-05, 8.13385e-06, -6.34028e-06, 8.13385e-06, 1.99209e-05, -2.57575e-05, -6.34028e-06, -2.57575e-05, 0.000108722, 0
-0.120108, -0.00753125, 0.999301, 0, 0, 0.0373921, 8.86691e-05, 8.34981e-06, -6.20122e-06, 8.3498e-06, 1.80882e-05, -2.07084e-05, -6.20122e-06, -2.07084e-05, 0.000113821, 0
-0.0932619, -0.00556629, 0.998925, 0, 0, 0.0463465, 9.76947e-05, 8.74132e-06, -6.17732e-06, 8.74132e-06, 1.65277e-05, -1.5195e-05, -6.17732e-06, -1.5195e-05, 0.000120744, 0
-0.0615152, 0.00158067, 0.998676, 0, 0, 0.0514351, 0.000107645, 9.55975e-06, -6.42278e-06, 9.55975e-06, 1.54488e-05, -9.51244e-06, -6.42278e-06, -9.51244e-06, 0.000127745, 0
-0.0356664, 0.0127305, 0.998474, 0, 0, 0.0552238, 0.000116819, 1.04861e-05, -6.96852e-06, 1.04861e-05, 1.48676e-05, -4.09301e-06, -6.96852e-06, -4.09301e-06, 0.000133177, 0
-0.0134749, 0.0275106, 0.998353, 0, 0, 0.057378, 0.000123753, 1.12712e-05, -7.79208e-06, 1.12712e-05, 1.46969e-05, 6.35264e-07, -7.79208e-06, 6.35263e-07, 0.000135831, 0
0.00440253, 0.0448839, 0.998337, 0, 0, 0.0576425, 0.000127474, 1.1696e-05, -8.79561e-06, 1.1696e-05, 1.47673e-05, 4.34194e-06, -8.79561e-06, 4.34194e-06, 0.000135152, 0
0.0176159, 0.0635975, 0.998427, 0, 0, 0.0560596, 0.000127573, 1.16385e-05, -9.81448e-06, 1.16385e-05, 1.48936e-05, 6.87312e-06, -9.81448e-06, 6.87312e-06, 0.000131178, 0
0.0259131, 0.0824115, 0.998597, 0, 0, 0.0529523, 0.000124163, 1.111e-05, -1.06744e-05, 1.111e-05, 1.49345e-05, 8.24254e-06, -1.06744e-05, 8.24254e-06, 0.00012437, 0
0.0290069, 0.100275, 0.998809, 0, 0, 0.0487957, 0.000117796, 1.02385e-05, -1.12519e-05, 1.02385e-05, 1.48195e-05, 8.57787e-06, -1.12519e-05, 8.57787e-06, 0.000115455, 0
0.0265278, 0.116419, 0.999027, 0, 0, 0.0441124, 0.000109377, 9.21581e-06, -1.15067e-05, 9.21581e-06, 1.45438e-05, 8.05834e-06, -1.15067e-05, 8.05834e-06, 0.00010535, 0
0.0180468, 0.130364, 0.999223, 0, 0, 0.0394121, 0.000100086, 8.23855e-06, -1.14765e-05, 8.23855e-06, 1.41488e-05, 6.86808e-06, -1.14765e-05, 6.86808e-06, 9.51341e-05, 0
0.00315206, 0.141877, 0.999382, 0, 0, 0.0351637, 9.12791e-05, 7.46346e-06, -1.12439e-05, 7.46346e-06, 1.37022e-05, 5.16543e-06, -1.12439e-05, 5.16544e-06, 8.60105e-05, 0
-0.0184205, 0.150892, 0.999495, 0, 0, 0.0317784, 8.43402e-05, 6.98668e-06, -1.08998e-05, 6.98668e-06, 1.32838e-05, 3.06027e-06, -1.08998e-05, 3.06027e-06, 7.92211e-05, 0
-0.0466073, 0.157426, 0.999562, 0, 0, 0.0295835, 8.04806e-05, 6.84538e-06, -1.05176e-05, 6.84538e-06, 1.29799e-05, 5.95897e-07, -1.05176e-05, 5.95898e-07, 7.58816e-05, 0
-0.0808187, 0.161488, 0.999586, 0, 0, 0.0287838, 8.04951e-05, 7.03511e-06, -1.01484e-05, 7.03511e-06, 1.28819e-05, -2.25723e-06, -1.01484e-05, -2.25723e-06, 7.67558e-05, 0
-0.119792, 0.163029, 0.999567, 0, 0, 0.0294147, 8.45363e-05, 7.5316e-06, -9.82855e-06, 7.5316e-06, 1.30871e-05, -5.58352e-06, -9.82855e-06, -5.58352e-06, 8.2027e-05, 0
-0.161592, 0.161935, 0.99951, 0, 0, 0.0313118, 9.19991e-05, 8.30341e-06, -9.58657e-06, 8.30341e-06, 1.3695e-05, -9.47337e-06, -9.58657e-06, -9.47337e-06, 9.11586e-05, 0
-0.203832, 0.158083, 0.999418, 0, 0, 0.034119, 0.000101596, 9.30662e-06, -9.43895e-06, 9.30662e-06, 1.47931e-05, -1.39551e-05, -9.43895e-06, -1.39551e-05, 0.000102928, 0
-0.244072, 0.15143, 0.999302, 0, 0, 0.0373459, 0.000111635, 1.04661e-05, -9.37864e-06, 1.04661e-05, 1.64313e-05, -1.89356e-05, -9.37864e-06, -1.89356e-05, 0.000115655, 0
-0.280247, 0.142097, 0.999181, 0, 0, 0.0404614, 0.000120405, 1.1661e-05, -9.36939e-06, 1.1661e-05, 1.85903e-05, -2.41819e-05, -9.36939e-06, -2.41819e-05, 0.000127551, 0
-0.310954, 0.130415, 0.999075, 0, 0, 0.0429904, 0.000126524, 1.27324e-05, -9.35551e-06, 1.27324e-05, 2.11603e-05, -2.93536e-05, -9.35551e-06, -2.93536e-05, 0.000137065, 0
-0.335486, 0.116905, 0.999005, 0, 0, 0.0445874, 0.000129152, 1.35176e-05, -9.2827e-06, 1.35176e-05, 2.39438e-05, -3.40702e-05, -9.2827e-06, -3.40702e-05, 0.000143122, 0
-0.353666, 0.10222, 0.998984, 0, 0, 0.0450732, 0.000128035, 1.38952e-05, -9.11819e-06, 1.38952e-05, 2.66833e-05, -3.79859e-05, -9.11819e-06, -3.79859e-05, 0.000145228, 0
-0.365588, 0.0870634, 0.999012, 0, 0, 0.0444431, 0.000123447, 1.38212e-05, -8.85964e-06, 1.38212e-05, 2.91075e-05, -4.08474e-05, -8.85964e-06, -4.08474e-05, 0.000143463, 0
-0.37138, 0.0721116, 0.999081, 0, 0, 0.042859, 0.000116096, 1.33401e-05, -8.53096e-06, 1.33401e-05, 3.09783e-05, -4.25198e-05, -8.53096e-06, -4.25198e-05, 0.000138414, 0
-0.371048, 0.0579497, 0.999174, 0, 0, 0.0406317, 0.000107018, 1.25688e-05, -8.16943e-06, 1.25688e-05, 3.21268e-05, -4.29864e-05, -8.16943e-06, -4.29864e-05, 0.000131084, 0
-0.364434, 0.0450398, 0.99927, 0, 0, 0.0381943, 9.7487e-05, 1.16617e-05, -7.81136e-06, 1.16617e-05, 3.24721e-05, -4.23223e-05, -7.81136e-06, -4.23223e-05, 0.000122777, 0
-0.351286, 0.0337284, 0.99935, 0, 0, 0.0360598, 8.88936e-05, 1.07701e-05, -7.48234e-06, 1.07701e-05, 3.20232e-05, -4.06535e-05, -7.48234e-06, -4.06535e-05, 0.000114951, 0
-0.331428, 0.0242967, 0.999396, 0, 0, 0.0347549, 8.25899e-05, 1.00134e-05, -7.19514e-06, 1.00134e-05, 3.08708e-05, -3.811e-05, -7.19514e-06, -3.811e-05, 0.000109025, 0
-0.304997, 0.0170424, 0.999397, 0, 0, 0.034727, 7.96776e-05, 9.47082e-06, -6.95526e-06, 9.47082e-06, 2.91738e-05, -3.47892e-05, -6.95527e-06, -3.47892e-05, 0.000106136, 0
-0.272686, 0.0123598, 0.999343, 0, 0, 0.0362315, 8.07687e-05, 9.19181e-06, -6.77187e-06, 9.19182e-06, 2.71441e-05, -3.07479e-05, -6.77187e-06, -3.07479e-05, 0.000106873, 0
-0.23588, 0.0107639, 0.99923, 0, 0, 0.0392253, 8.57862e-05, 9.2095e-06, -6.67039e-06, 9.2095e-06, 2.50258e-05, -2.60357e-05, -6.67039e-06, -2.60357e-05, 0.000111071, 0
-0.196589, 0.012815, 0.999062, 0, 0, 0.0433121, 9.39019e-05, 9.53581e-06, -6.70078e-06, 9.53581e-06, 2.30636e-05, -2.07616e-05, -6.70078e-06, -2.07616e-05, 0.000117762, 0
-0.157147, 0.0189373, 0.998857, 0, 0, 0.0477878, 0.000103678, 1.01331e-05, -6.93207e-06, 1.01331e-05, 2.14579e-05, -1.51595e-05, -6.93207e-06, -1.51595e-05, 0.000125376, 0
-0.11978, 0.029209, 0.998657, 0, 0, 0.0518035, 0.000113396, 1.08841e-05, -7.4268e-06, 1.08841e-05, 2.03158e-05, -9.59841e-06, -7.4268e-06, -9.5984e-06, 0.000132157, 0
-0.0862457, 0.0432261, 0.998509, 0, 0, 0.054595, 0.000121442, 1.15955e-05, -8.20071e-06, 1.15955e-05, 1.96239e-05, -4.51391e-06, -8.20071e-06, -4.51391e-06, 0.000136621, 0
-0.0576942, 0.0601209, 0.998449, 0, 0, 0.0556792, 0.000126617, 1.2053e-05, -9.19069e-06, 1.2053e-05, 1.9264e-05, -2.94539e-07, -9.19069e-06, -2.94538e-07, 0.000137874, 0
-0.0347623, 0.0787249, 0.99849, 0, 0, 0.0549362, 0.000128273, 1.20994e-05, -1.0257e-05, 1.20994e-05, 1.9069e-05, 2.81591e-06, -1.0257e-05, 2.81591e-06, 0.00013567, 0
-0.0177797, 0.0977988, 0.998617, 0, 0, 0.0525651, 0.00012631, 1.16927e-05, -1.12259e-05, 1.16927e-05, 1.88875e-05, 4.74899e-06, -1.12259e-05, 4.74899e-06, 0.000130289, 0
-0.00696401, 0.116234, 0.9988, 0, 0, 0.0489693, 0.000121107, 1.09131e-05, -1.195e-05, 1.09131e-05, 1.86256e-05, 5.5759e-06, -1.195e-05, 5.5759e-06, 0.000122363, 0
-0.00253915, 0.133177, 0.999003, 0, 0, 0.044642, 0.000113428, 9.92574e-06, -1.23539e-05, 9.92574e-06, 1.82559e-05, 5.44935e-06, -1.23539e-05, 5.44935e-06, 0.000112754, 0
-0.004771, 0.148061, 0.999196, 0, 0, 0.0400868, 0.000104352, 8.92314e-06, -1.24451e-05, 8.92314e-06, 1.78039e-05, 4.5493e-06, -1.24451e-05, 4.5493e-06, 0.000102503, 0
-0.0139322, 0.160586, 0.99936, 0, 0, 0.035778, 9.5178e-05, 8.0753e-06, -1.22925e-05, 8.07531e-06, 1.73284e-05, 3.045e-06, -1.22925e-05, 3.045e-06, 9.2791e-05, 0
-0.030205, 0.170645, 0.999483, 0, 0, 0.0321407, 8.73013e-05, 7.49943e-06, -1.19885e-05, 7.49943e-06, 1.69054e-05, 1.0686e-06, -1.19885e-05, 1.0686e-06, 8.48765e-05, 0
-0.0535281, 0.178244, 0.999564, 0, 0, 0.0295309, 8.2035e-05, 7.25293e-06, -1.16181e-05, 7.25294e-06, 1.66193e-05, -1.30607e-06, -1.16181e-05, -1.30607e-06, 7.99635e-05, 0
-0.0834081, 0.183414, 0.999602, 0, 0, 0.0282035, 8.03787e-05, 7.34505e-06, -1.12443e-05, 7.34506e-06, 1.65592e-05, -4.07651e-06, -1.12443e-05, -4.07651e-06, 7.89976e-05, 0
-0.118753, 0.186141, 0.9996, 0, 0, 0.0282683, 8.27761e-05, 7.75751e-06, -1.09125e-05, 7.75752e-06, 1.68186e-05, -7.30539e-06, -1.09125e-05, -7.30539e-06, 8.24307e-05, 0
-0.157814, 0.186345, 0.99956, 0, 0, 0.0296498, 8.89415e-05, 8.46189e-06, -1.06587e-05, 8.46189e-06, 1.74942e-05, -1.10841e-05, -1.06587e-05, -1.10841e-05, 9.00342e-05, 0
-0.198322, 0.183906, 0.999485, 0, 0, 0.0320762, 9.78495e-05, 9.42158e-06, -1.05098e-05, 9.42158e-06, 1.86758e-05, -1.54712e-05, -1.05098e-05, -1.54712e-05, 0.000100856, 0
-0.237823, 0.178745, 0.999383, 0, 0, 0.0351148, 0.000107933, 1.05773e-05, -1.04727e-05, 1.05773e-05, 2.0425e-05, -2.04252e-05, -1.04727e-05, -2.04252e-05, 0.000113371, 0
-0.274103, 0.170916, 0.999268, 0, 0, 0.0382519, 0.00011744, 1.18283e-05, -1.05223e-05, 1.18283e-05, 2.27444e-05, -2.5766e-05, -1.05223e-05, -2.5766e-05, 0.000125796, 0
-0.305527, 0.160662, 0.99916, 0, 0, 0.0409905, 0.000124816, 1.30289e-05, -1.06042e-05, 1.30289e-05, 2.55507e-05, -3.11885e-05, -1.06042e-05, -3.11885e-05, 0.000136451, 0
-0.331162, 0.148428, 0.999078, 0, 0, 0.0429349, 0.000128977, 1.40125e-05, -1.06531e-05, 1.40125e-05, 2.86663e-05, -3.63163e-05, -1.06531e-05, -3.63163e-05, 0.000144046, 0
-0.350668, 0.134813, 0.999038, 0, 0, 0.0438418, 0.000129424, 1.46336e-05, -1.06169e-05, 1.46336e-05, 3.18376e-05, -4.07771e-05, -1.06169e-05, -4.07771e-05, 0.000147844, 0
-0.364065, 0.120498, 0.999047, 0, 0, 0.0436382, 0.000126222, 1.48105e-05, -1.04729e-05, 1.48105e-05, 3.47753e-05, -4.42678e-05, -1.04729e-05, -4.42678e-05, 0.000147687, 0
-0.371477, 0.106163, 0.9991, 0, 0, 0.0424182, 0.000119909, 1.45473e-05, -1.02306e-05, 1.45473e-05, 3.72037e-05, -4.65963e-05, -1.02306e-05, -4.65963e-05, 0.00014396, 0
-0.372947, 0.0924209, 0.999182, 0, 0, 0.040429, 0.000111398, 1.393e-05, -9.92176e-06, 1.393e-05, 3.89037e-05, -4.76917e-05, -9.92176e-06, -4.76917e-05, 0.000137499, 0
-0.368355, 0.0797679, 0.999276, 0, 0, 0.0380488, 0.000101878, 1.30976e-05, -9.58609e-06, 1.30976e-05, 3.97408e-05, -4.75885e-05, -9.58609e-06, -4.75885e-05, 0.000129494, 0
-0.35744, 0.0685763, 0.999361, 0, 0, 0.0357518, 9.27099e-05, 1.22033e-05, -9.25773e-06, 1.22033e-05, 3.96753e-05, -4.63923e-05, -9.25773e-06, -4.63923e-05, 0.000121357, 0
-0.339931, 0.059126, 0.99942, 0, 0, 0.0340539, 8.52871e-05, 1.13789e-05, -8.95907e-06, 1.13789e-05, 3.87592e-05, -4.42346e-05, -8.95907e-06, -4.42346e-05, 0.000114549, 0
-0.315762, 0.0516751, 0.999441, 0, 0, 0.0334325, 8.08449e-05, 1.07183e-05, -8.70251e-06, 1.07183e-05, 3.71248e-05, -4.12293e-05, -8.70251e-06, -4.12293e-05, 0.000110358, 0
-0.285325, 0.0465434, 0.999414, 0, 0, 0.0342226, 8.02284e-05, 1.02807e-05, -8.49957e-06, 1.02807e-05, 3.49704e-05, -3.74511e-05, -8.49956e-06, -3.74511e-05, 0.000109634, 0
-0.249663, 0.0441659, 0.999333, 0, 0, 0.0365082, 8.3666e-05, 1.01051e-05, -8.37408e-06, 1.01051e-05, 3.25409e-05, -3.29494e-05, -8.37408e-06, -3.29494e-05, 0.000112545, 0
-0.21051, 0.0450623, 0.999198, 0, 0, 0.0400438, 9.06387e-05, 1.02148e-05, -8.3736e-06, 1.02148e-05, 3.01009e-05, -2.78037e-05, -8.3736e-06, -2.78037e-05, 0.000118451, 0
-0.1701, 0.0497011, 0.99902, 0, 0, 0.0442571, 9.9934e-05, 1.05985e-05, -8.5692e-06, 1.05985e-05, 2.7894e-05, -2.21934e-05, -8.5692e-06, -2.21934e-05, 0.000125993, 0
-0.13077, 0.0582993, 0.99883, 0, 0, 0.0483638, 0.000109905, 1.11781e-05, -9.03499e-06, 1.11781e-05, 2.60922e-05, -1.64378e-05, -9.03499e-06, -1.64378e-05, 0.000133428, 0
-0.0945554, 0.0706497, 0.998669, 0, 0, 0.0515725, 0.00011885, 1.17961e-05, -9.80732e-06, 1.17961e-05, 2.47561e-05, -1.09596e-05, -9.80732e-06, -1.09596e-05, 0.000139102, 0
-0.0629308, 0.0860797, 0.998579, 0, 0, 0.0532976, 0.000125369, 1.22505e-05, -1.08443e-05, 1.22505e-05, 2.38301e-05, -6.18396e-06, -1.08443e-05, -6.18396e-06, 0.000141846, 0
-0.0367991, 0.103557, 0.998579, 0, 0, 0.0532862, 0.000128573, 1.23656e-05, -1.20152e-05, 1.23656e-05, 2.31821e-05, -2.42778e-06, -1.20152e-05, -2.42778e-06, 0.000141142, 0
-0.0166487, 0.1219, 0.998667, 0, 0, 0.0516191, 0.000128136, 1.20602e-05, -1.31342e-05, 1.20602e-05, 2.26649e-05, 1.60075e-07, -1.31342e-05, 1.60076e-07, 0.00013707, 0
-0.00275549, 0.139984, 0.998817, 0, 0, 0.0486186, 0.000124242, 1.13734e-05, -1.40235e-05, 1.13734e-05, 2.2169e-05, 1.58875e-06, -1.40235e-05, 1.58875e-06, 0.000130131, 0
0.00466396, 0.156893, 0.998999, 0, 0, 0.0447309, 0.000117503, 1.04419e-05, -1.45715e-05, 1.04419e-05, 2.16441e-05, 1.97286e-06, -1.45715e-05, 1.97286e-06, 0.000121102, 0
0.00537741, 0.171982, 0.999182, 0, 0, 0.0404358, 0.000108875, 9.4484e-06, -1.47584e-05, 9.4484e-06, 2.10952e-05, 1.47627e-06, -1.47584e-05, 1.47627e-06, 0.000110958, 0
-0.000863792, 0.184875, 0.999345, 0, 0, 0.0361953, 9.95807e-05, 8.56907e-06, -1.46427e-05, 8.56907e-06, 2.05667e-05, 2.69443e-07, -1.46426e-05, 2.69443e-07, 0.000100832, 0
-0.0142596, 0.195405, 0.999474, 0, 0, 0.0324316, 9.09948e-05, 7.93694e-06, -1.43233e-05, 7.93694e-06, 2.01261e-05, -1.50038e-06, -1.43233e-05, -1.50038e-06, 9.19699e-05, 0
-0.0348347, 0.203547, 0.999564, 0, 0, 0.0295122, 8.44929e-05, 7.62771e-06, -1.39013e-05, 7.62771e-06, 1.98528e-05, -3.73256e-06, -1.39013e-05, -3.73256e-06, 8.5623e-05, 0
-0.0622646, 0.209331, 0.999616, 0, 0, 0.0277263, 8.12376e-05, 7.66491e-06, -1.3456e-05, 7.66491e-06, 1.98323e-05, -6.39119e-06, -1.3456e-05, -6.39119e-06, 8.28757e-05, 0
-0.0956941, 0.212769, 0.999629, 0, 0, 0.0272463, 8.19329e-05, 8.03731e-06, -1.30439e-05, 8.03731e-06, 2.01546e-05, -9.50936e-06, -1.30439e-05, -9.50936e-06, 8.4414e-05, 0
-0.133627, 0.21381, 0.999606, 0, 0, 0.0280835, 8.6611e-05, 8.71803e-06, -1.27081e-05, 8.71803e-06, 2.09123e-05, -1.31669e-05, -1.27081e-05, -1.31669e-05, 9.03078e-05, 0
-0.173976, 0.212353, 0.999548, 0, 0, 0.0300601, 9.45436e-05, 9.67308e-06, -1.24847e-05, 9.67308e-06, 2.21946e-05, -1.74386e-05, -1.24847e-05, -1.74386e-05, 9.98995e-05, 0
-0.214321, 0.208299, 0.999461, 0, 0, 0.0328203, 0.000104353, 1.08535e-05, -1.23941e-05, 1.08535e-05, 2.40703e-05, -2.23252e-05, -1.23941e-05, -2.23252e-05, 0.000111874, 0
-0.252309, 0.20164, 0.999356, 0, 0, 0.0358899, 0.000114316, 1.21763e-05, -1.24259e-05, 1.21763e-05, 2.65597e-05, -2.77017e-05, -1.24259e-05, -2.77017e-05, 0.000124514, 0
-0.286047, 0.192541, 0.999248, 0, 0, 0.0387675, 0.000122752, 1.35126e-05, -1.25331e-05, 1.35126e-05, 2.96046e-05, -3.33063e-05, -1.25331e-05, -3.33063e-05, 0.000136061, 0
-0.314313, 0.181361, 0.999158, 0, 0, 0.0410171, 0.000128356, 1.46997e-05, -1.26452e-05, 1.46997e-05, 3.30512e-05, -3.87798e-05, -1.26452e-05, -3.87798e-05, 0.000145038, 0
-0.336541, 0.168633, 0.999103, 0, 0, 0.0423344, 0.000130378, 1.55768e-05, -1.26936e-05, 1.55768e-05, 3.66567e-05, -4.37342e-05, -1.26936e-05, -4.37342e-05, 0.000150469, 0
-0.352624, 0.155003, 0.999093, 0, 0, 0.0425774, 0.000128654, 1.60294e-05, -1.26347e-05, 1.60294e-05, 4.01224e-05, -4.78257e-05, -1.26347e-05, -4.78257e-05, 0.000151958, 0
-0.362662, 0.141142, 0.999127, 0, 0, 0.0417707, 0.000123536, 1.60215e-05, -1.24596e-05, 1.60215e-05, 4.31414e-05, -5.08066e-05, -1.24596e-05, -5.08066e-05, 0.000149669, 0
-0.366743, 0.12768, 0.999196, 0, 0, 0.0400959, 0.000115795, 1.56032e-05, -1.21903e-05, 1.56032e-05, 4.54474e-05, -5.25477e-05, -1.21903e-05, -5.25477e-05, 0.000144258, 0
-0.364813, 0.115145, 0.999283, 0, 0, 0.0378721, 0.000106518, 1.48914e-05, -1.18651e-05, 1.48914e-05, 4.68507e-05, -5.3036e-05, -1.18651e-05, -5.3036e-05, 0.000136778, 0
-0.356656, 0.103938, 0.999369, 0, 0, 0.0355279, 9.70137e-05, 1.40343e-05, -1.15244e-05, 1.40343e-05, 4.72583e-05, -5.23467e-05, -1.15244e-05, -5.23467e-05, 0.000128564, 0
-0.341982, 0.0943513, 0.999437, 0, 0, 0.0335562, 8.86821e-05, 1.31729e-05, -1.11992e-05, 1.31729e-05, 4.66767e-05, -5.06025e-05, -1.11992e-05, -5.06025e-05, 0.000121078, 0
-0.320603, 0.0866205, 0.999474, 0, 0, 0.0324458, 8.28527e-05, 1.24159e-05, -1.09094e-05, 1.24159e-05, 4.52053e-05, -4.79278e-05, -1.09094e-05, -4.79278e-05, 0.000115711, 0
-0.292673, 0.0810067, 0.999469, 0, 0, 0.0325897, 8.05635e-05, 1.1835e-05, -1.06697e-05, 1.1835e-05, 4.30222e-05, -4.4416e-05, -1.06697e-05, -4.4416e-05, 0.000113529, 0
-0.258923, 0.0778662, 0.999416, 0, 0, 0.0341777, 8.23239e-05, 1.14768e-05, -1.05026e-05, 1.14768e-05, 4.0367e-05, -4.0126e-05, -1.05026e-05, -4.01259e-05, 0.000115011, 0
-0.220782, 0.0776599, 0.999311, 0, 0, 0.0371046, 8.79326e-05, 1.1373e-05, -1.04519e-05, 1.1373e-05, 3.75165e-05, -3.51209e-05, -1.04519e-05, -3.51209e-05, 0.000119858, 0
-0.180295, 0.0808643, 0.999162, 0, 0, 0.0409381, 9.64476e-05, 1.15318e-05, -1.05889e-05, 1.15318e-05, 3.47482e-05, -2.9536e-05, -1.05889e-05, -2.9536e-05, 0.000126982, 0
-0.139811, 0.0877939, 0.998988, 0, 0, 0.0449861, 0.000106363, 1.19091e-05, -1.09971e-05, 1.19091e-05, 3.22915e-05, -2.36361e-05, -1.09971e-05, -2.36361e-05, 0.000134746, 0
-0.101564, 0.0984157, 0.998825, 0, 0, 0.0484673, 0.000115952, 1.23855e-05, -1.17344e-05, 1.23855e-05, 3.02799e-05, -1.78143e-05, -1.17344e-05, -1.78143e-05, 0.000141396, 0
-0.0673305, 0.112251, 0.998713, 0, 0, 0.0507241, 0.000123655, 1.27813e-05, -1.27849e-05, 1.27813e-05, 2.87279e-05, -1.25135e-05, -1.27849e-05, -1.25135e-05, 0.000145521, 0
-0.0383065, 0.128424, 0.998679, 0, 0, 0.0513842, 0.000128351, 1.29144e-05, -1.40348e-05, 1.29144e-05, 2.75511e-05, -8.11122e-06, -1.40348e-05, -8.11122e-06, 0.000146322, 0
-0.0151874, 0.145838, 0.998729, 0, 0, 0.0504074, 0.000129476, 1.26728e-05, -1.52929e-05, 1.26728e-05, 2.66203e-05, -4.83588e-06, -1.52929e-05, -4.83588e-06, 0.000143642, 0
0.00164623, 0.163377, 0.998846, 0, 0, 0.0480239, 0.000127006, 1.20564e-05, -1.63535e-05, 1.20564e-05, 2.58189e-05, -2.74993e-06, -1.63534e-05, -2.74993e-06, 0.000137824, 0
0.0119527, 0.180083, 0.999004, 0, 0, 0.0446235, 0.00012138, 1.11706e-05, -1.70655e-05, 1.11706e-05, 2.50771e-05, -1.78711e-06, -1.70655e-05, -1.78711e-06, 0.000129542, 0
0.0155176, 0.195239, 0.999173, 0, 0, 0.0406552, 0.000113421, 1.01831e-05, -1.73736e-05, 1.01831e-05, 2.43789e-05, -1.80869e-06, -1.73736e-05, -1.80869e-06, 0.000119698, 0
0.0121161, 0.208389, 0.999331, 0, 0, 0.0365643, 0.000104251, 9.27136e-06, -1.73173e-05, 9.27136e-06, 2.37516e-05, -2.65067e-06, -1.73173e-05, -2.65067e-06, 0.000109368, 0
0.00154428, 0.219305, 0.999463, 0, 0, 0.0327651, 9.51996e-05, 8.58091e-06, -1.69964e-05, 8.5809e-06, 2.32515e-05, -4.15714e-06, -1.69964e-05, -4.15714e-06, 9.97658e-05, 0
-0.0162844, 0.227916, 0.999561, 0, 0, 0.0296275, 8.76664e-05, 8.20453e-06, -1.65262e-05, 8.20453e-06, 2.29515e-05, -6.20578e-06, -1.65262e-05, -6.20577e-06, 9.21626e-05, 0
-0.0411851, 0.234238, 0.999623, 0, 0, 0.0274613, 8.29345e-05, 8.18111e-06, -1.60044e-05, 8.18111e-06, 2.29334e-05, -8.72937e-06, -1.60044e-05, -8.72937e-06, 8.77422e-05, 0
-0.0725184, 0.238297, 0.999649, 0, 0, 0.026486, 8.19308e-05, 8.50869e-06, -1.55015e-05, 8.50868e-06, 2.32836e-05, -1.17282e-05, -1.55015e-05, -1.17282e-05, 8.73866e-05, 0
-0.109043, 0.240071, 0.999641, 0, 0, 0.0267875, 8.4989e-05, 9.163e-06, -1.50688e-05, 9.16299e-06, 2.40918e-05, -1.52612e-05, -1.50688e-05, -1.52612e-05, 9.1444e-05, 0
-0.148891, 0.239483, 0.9996, 0, 0, 0.0282792, 9.16979e-05, 1.01109e-05, -1.47495e-05, 1.01109e-05, 2.54455e-05, -1.94063e-05, -1.47495e-05, -1.94063e-05, 9.95624e-05, 0
-0.189741, 0.236428, 0.999529, 0, 0, 0.030691, 0.000100924, 1.13094e-05, -1.4576e-05, 1.13094e-05, 2.74181e-05, -2.41966e-05, -1.4576e-05, -2.41966e-05, 0.000110679, 0
-0.229169, 0.23086, 0.999435, 0, 0, 0.0336058, 0.000111043, 1.26899e-05, -1.45548e-05, 1.26899e-05, 3.00441e-05, -2.95579e-05, -1.45548e-05, -2.95579e-05, 0.000123209, 0
-0.265059, 0.222866, 0.999332, 0, 0, 0.0365367, 0.000120308, 1.41415e-05, -1.46524e-05, 1.41415e-05, 3.32893e-05, -3.52793e-05, -1.46524e-05, -3.52793e-05, 0.000135368, 0
-0.295902, 0.212723, 0.999238, 0, 0, 0.0390226, 0.000127224, 1.55121e-05, -1.48004e-05, 1.55121e-05, 3.70259e-05, -4.10303e-05, -1.48004e-05, -4.10303e-05, 0.000145534, 0
-0.320873, 0.200891, 0.999171, 0, 0, 0.0407061, 0.000130796, 1.6634e-05, -1.49188e-05, 1.6634e-05, 4.10293e-05, -4.64223e-05, -1.49188e-05, -4.64223e-05, 0.000152509, 0
-0.339698, 0.187966, 0.999143, 0, 0, 0.0413794, 0.000130617, 1.73667e-05, -1.49436e-05, 1.73667e-05, 4.50009e-05, -5.10798e-05, -1.49436e-05, -5.10798e-05, 0.000155652, 0
-0.352411, 0.174604, 0.999159, 0, 0, 0.0409988, 0.000126835, 1.76364e-05, -1.48453e-05, 1.76364e-05, 4.86118e-05, -5.47045e-05, -1.48453e-05, -5.47045e-05, 0.000154901, 0
-0.359121, 0.161442, 0.999212, 0, 0, 0.0396793, 0.000120058, 1.74542e-05, -1.46303e-05, 1.74542e-05, 5.15538e-05, -5.71097e-05, -1.46303e-05, -5.71096e-05, 0.000150713, 0
-0.359836, 0.149036, 0.99929, 0, 0, 0.0376793, 0.000111255, 1.69082e-05, -1.43313e-05, 1.69082e-05, 5.35833e-05, -5.82283e-05, -1.43313e-05, -5.82283e-05, 0.000143984, 0
-0.354405, 0.137821, 0.999374, 0, 0, 0.0353768, 0.000101659, 1.61341e-05, -1.39907e-05, 1.61341e-05, 5.45502e-05, -5.80967e-05, -1.39907e-05, -5.80967e-05, 0.000135945, 0
-0.342549, 0.128111, 0.999448, 0, 0, 0.0332322, 9.26504e-05, 1.52761e-05, -1.36471e-05, 1.52761e-05, 5.44095e-05, -5.68186e-05, -1.36471e-05, -5.68186e-05, 0.000128022, 0
-0.324009, 0.120136, 0.999496, 0, 0, 0.0317312, 8.56145e-05, 1.4456e-05, -1.33284e-05, 1.4456e-05, 5.32193e-05, -5.45208e-05, -1.33284e-05, -5.45208e-05, 0.000121665, 0
-0.298754, 0.114117, 0.99951, 0, 0, 0.031304, 8.17407e-05, 1.37592e-05, -1.30542e-05, 1.37592e-05, 5.11293e-05, -5.13125e-05, -1.30542e-05, -5.13125e-05, 0.000118106, 0
-0.267236, 0.110339, 0.999481, 0, 0, 0.0322251, 8.17865e-05, 1.32414e-05, -1.28466e-05, 1.32414e-05, 4.83653e-05, -4.72674e-05, -1.28466e-05, -4.72674e-05, 0.000118102, 0
-0.230565, 0.109195, 0.999404, 0, 0, 0.0345143, 8.5862e-05, 1.29412e-05, -1.27453e-05, 1.29412e-05, 4.5207e-05, -4.24441e-05, -1.27453e-05, -4.24441e-05, 0.000121694, 0
-0.190535, 0.111138, 0.999282, 0, 0, 0.0378786, 9.33258e-05, 1.28805e-05, -1.28186e-05, 1.28805e-05, 4.1955e-05, -3.69443e-05, -1.28186e-05, -3.69443e-05, 0.000128108, 0
-0.14941, 0.11654, 0.999129, 0, 0, 0.041737, 0.000102874, 1.30432e-05, -1.31561e-05, 1.30432e-05, 3.88865e-05, -3.09797e-05, -1.31561e-05, -3.09797e-05, 0.000135891, 0
-0.109538, 0.125509, 0.998971, 0, 0, 0.0453512, 0.000112827, 1.33468e-05, -1.38354e-05, 1.33468e-05, 3.62021e-05, -2.48993e-05, -1.38354e-05, -2.48993e-05, 0.000143277, 0
-0.0729596, 0.13775, 0.998846, 0, 0, 0.0480234, 0.000121513, 1.36404e-05, -1.48706e-05, 1.36404e-05, 3.39899e-05, -1.91415e-05, -1.48706e-05, -1.91415e-05, 0.000148659, 0
-0.0411702, 0.152557, 0.998785, 0, 0, 0.0492801, 0.000127602, 1.37471e-05, -1.61729e-05, 1.37471e-05, 3.2225e-05, -1.41294e-05, -1.61729e-05, -1.41295e-05, 0.000150959, 0
-0.0151123, 0.16894, 0.998801, 0, 0, 0.0489626, 0.000130288, 1.35335e-05, -1.75565e-05, 1.35335e-05, 3.08103e-05, -1.01669e-05, -1.75565e-05, -1.01669e-05, 0.000149756, 0
0.00468316, 0.185821, 0.998885, 0, 0, 0.0472014, 0.000129325, 1.29638e-05, -1.8794e-05, 1.29638e-05, 2.96334e-05, -7.39282e-06, -1.8794e-05, -7.39282e-06, 0.000145202, 0
0.0179142, 0.202216, 0.999017, 0, 0, 0.0443202, 0.000124966, 1.21105e-05, -1.96936e-05, 1.21105e-05, 2.86111e-05, -5.79955e-06, -1.96936e-05, -5.79955e-06, 0.000137846, 0
0.0243652, 0.217348, 0.99917, 0, 0, 0.0407304, 0.000117879, 1.11225e-05, -2.01575e-05, 1.11225e-05, 2.77077e-05, -5.28367e-06, -2.01574e-05, -5.28368e-06, 0.000128504, 0
0.0238326, 0.23069, 0.999321, 0, 0, 0.0368572, 0.000109073, 1.01741e-05, -2.0196e-05, 1.01741e-05, 2.69325e-05, -5.69637e-06, -2.0196e-05, -5.69637e-06, 0.000118189, 0
0.0161201, 0.241943, 0.999452, 0, 0, 0.0331029, 9.98049e-05, 9.41999e-06, -1.99014e-05, 9.41999e-06, 2.63282e-05, -6.88061e-06, -1.99014e-05, -6.88061e-06, 0.000108069, 0
0.00110362, 0.250987, 0.999555, 0, 0, 0.0298338, 9.14676e-05, 8.96868e-06, -1.93994e-05, 8.96868e-06, 2.59592e-05, -8.69876e-06, -1.93994e-05, -8.69876e-06, 9.94131e-05, 0
-0.0211402, 0.257811, 0.999625, 0, 0, 0.0273696, 8.54224e-05, 8.87484e-06, -1.88072e-05, 8.87483e-06, 2.59024e-05, -1.10565e-05, -1.88072e-05, -1.10565e-05, 9.34688e-05, 0
-0.05016, 0.262443, 0.999663, 0, 0, 0.0259618, 8.27771e-05, 9.14777e-06, -1.82123e-05, 9.14777e-06, 2.62412e-05, -1.39211e-05, -1.82123e-05, -1.39211e-05, 9.12749e-05, 0
-0.0849592, 0.264885, 0.999668, 0, 0, 0.0257562, 8.41403e-05, 9.76796e-06, -1.76765e-05, 9.76796e-06, 2.70626e-05, -1.73239e-05, -1.76765e-05, -1.73239e-05, 9.34284e-05, 0
-0.123912, 0.265085, 0.999642, 0, 0, 0.0267491, 8.94214e-05, 1.07028e-05, -1.72494e-05, 1.07028e-05, 2.84526e-05, -2.13346e-05, -1.72494e-05, -2.13346e-05, 9.98802e-05, 0
-0.164851, 0.262948, 0.999586, 0, 0, 0.0287594, 9.77725e-05, 1.19118e-05, -1.69734e-05, 1.19118e-05, 3.0487e-05, -2.60069e-05, -1.69733e-05, -2.60069e-05, 0.000109853, 0
-0.205348, 0.258401, 0.999506, 0, 0, 0.0314405, 0.000107735, 1.33367e-05, -1.68709e-05, 1.33367e-05, 3.3212e-05, -3.1311e-05, -1.68709e-05, -3.1311e-05, 0.000121945, 0
-0.243123, 0.251471, 0.99941, 0, 0, 0.0343395, 0.000117563, 1.48839e-05, -1.69265e-05, 1.48838e-05, 3.66144e-05, -3.70884e-05, -1.69265e-05, -3.70884e-05, 0.000134418, 0
-0.276393, 0.242354, 0.999316, 0, 0, 0.0369865, 0.000125617, 1.64157e-05, -1.70812e-05, 1.64157e-05, 4.05938e-05, -4.30483e-05, -1.70812e-05, -4.30483e-05, 0.000145545, 0
-0.304056, 0.231434, 0.99924, 0, 0, 0.0389819, 0.000130672, 1.77654e-05, -1.72505e-05, 1.77654e-05, 4.49493e-05, -4.88149e-05, -1.72505e-05, -4.88149e-05, 0.000153933, 0
-0.325626, 0.219247, 0.999197, 0, 0, 0.0400578, 0.00013207, 1.8775e-05, -1.73533e-05, 1.8775e-05, 4.93914e-05, -5.39935e-05, -1.73533e-05, -5.39935e-05, 0.000158703, 0
-0.341035, 0.206421, 0.999196, 0, 0, 0.0401032, 0.000129735, 1.93365e-05, -1.73379e-05, 1.93365e-05, 5.35789e-05, -5.82422e-05, -1.73379e-05, -5.82422e-05, 0.000159555, 0
-0.350377, 0.193593, 0.999233, 0, 0, 0.0391668, 0.000124097, 1.94216e-05, -1.71916e-05, 1.94216e-05, 5.71696e-05, -6.13183e-05, -1.71916e-05, -6.13183e-05, 0.000156735, 0
-0.353713, 0.18134, 0.999299, 0, 0, 0.0374451, 0.000115987, 1.90843e-05, -1.69357e-05, 1.90843e-05, 5.98691e-05, -6.30986e-05, -1.69357e-05, -6.30986e-05, 0.000150965, 0
-0.350958, 0.170134, 0.999378, 0, 0, 0.035262, 0.000106542, 1.84401e-05, -1.66109e-05, 1.84401e-05, 6.14691e-05, -6.35725e-05, -1.66109e-05, -6.35725e-05, 0.000143346, 0
-0.341875, 0.160318, 0.999454, 0, 0, 0.0330383, 9.70986e-05, 1.76299e-05, -1.62607e-05, 1.76299e-05, 6.18678e-05, -6.28152e-05, -1.62607e-05, -6.28152e-05, 0.000135238, 0
-0.326173, 0.152131, 0.999512, 0, 0, 0.0312442, 8.90641e-05, 1.67847e-05, -1.59207e-05, 1.67847e-05, 6.10743e-05, -6.09462e-05, -1.59207e-05, -6.09462e-05, 0.000128106, 0
-0.303691, 0.145769, 0.99954, 0, 0, 0.0303297, 8.3738e-05, 1.60037e-05, -1.56166e-05, 1.60037e-05, 5.92018e-05, -5.8085e-05, -1.56166e-05, -5.8085e-05, 0.000123304, 0
-0.27464, 0.141462, 0.999531, 0, 0, 0.0306328, 8.20875e-05, 1.53534e-05, -1.53721e-05, 1.53534e-05, 5.64536e-05, -5.43222e-05, -1.53721e-05, -5.43222e-05, 0.00012182, 0
-0.239821, 0.13953, 0.999479, 0, 0, 0.0322808, 8.45143e-05, 1.48793e-05, -1.5223e-05, 1.48793e-05, 5.31024e-05, -4.97211e-05, -1.5223e-05, -4.97211e-05, 0.000124016, 0
-0.200738, 0.140383, 0.999383, 0, 0, 0.0351131, 9.06929e-05, 1.46129e-05, -1.52323e-05, 1.46129e-05, 4.9462e-05, -4.43617e-05, -1.52323e-05, -4.43616e-05, 0.00012946, 0
-0.159486, 0.144415, 0.999252, 0, 0, 0.0386713, 9.95728e-05, 1.45596e-05, -1.54914e-05, 1.45596e-05, 4.58457e-05, -3.8408e-05, -1.54914e-05, -3.8408e-05, 0.00013695, 0
-0.118437, 0.151839, 0.999106, 0, 0, 0.0422861, 0.000109588, 1.46702e-05, -1.6094e-05, 1.46702e-05, 4.25138e-05, -3.21571e-05, -1.6094e-05, -3.21571e-05, 0.000144792, 0
-0.0798315, 0.162524, 0.998976, 0, 0, 0.0452513, 0.000119018, 1.4827e-05, -1.70848e-05, 1.4827e-05, 3.96274e-05, -2.60255e-05, -1.70848e-05, -2.60255e-05, 0.000151253, 0
-0.0454541, 0.175934, 0.998894, 0, 0, 0.0470162, 0.000126356, 1.48673e-05, -1.84081e-05, 1.48673e-05, 3.72291e-05, -2.04597e-05, -1.84081e-05, -2.04597e-05, 0.000154999, 0
-0.0165219, 0.191209, 0.99888, 0, 0, 0.0473111, 0.000130564, 1.46459e-05, -1.98948e-05, 1.46459e-05, 3.52671e-05, -1.58288e-05, -1.98948e-05, -1.58288e-05, 0.000155327, 0
0.00624022, 0.20733, 0.998934, 0, 0, 0.0461626, 0.000131158, 1.4097e-05, -2.13053e-05, 1.4097e-05, 3.36463e-05, -1.23505e-05, -2.13053e-05, -1.23505e-05, 0.000152162, 0
0.0224302, 0.223311, 0.999039, 0, 0, 0.0438193, 0.00012819, 1.32602e-05, -2.24098e-05, 1.32602e-05, 3.22786e-05, -1.00845e-05, -2.24098e-05, -1.00845e-05, 0.0001459, 0
0.0318057, 0.238331, 0.999174, 0, 0, 0.0406478, 0.00012216, 1.22621e-05, -2.30624e-05, 1.22621e-05, 3.11121e-05, -8.97356e-06, -2.30624e-05, -8.97356e-06, 0.000137258, 0
0.0341749, 0.251794, 0.999313, 0, 0, 0.0370488, 0.000113945, 1.12703e-05, -2.3235e-05, 1.12703e-05, 3.01379e-05, -8.89318e-06, -2.3235e-05, -8.89318e-06, 0.000127174, 0
0.0293558, 0.263334, 0.999442, 0, 0, 0.0334103, 0.00010471, 1.04455e-05, -2.30015e-05, 1.04455e-05, 2.93835e-05, -9.69304e-06, -2.30015e-05, -9.69304e-06, 0.000116765, 0
0.0172066, 0.272776, 0.999547, 0, 0, 0.0300904, 9.5811e-05, 9.90997e-06, -2.2492e-05, 9.90997e-06, 2.89027e-05, -1.12273e-05, -2.2492e-05, -1.12273e-05, 0.000107274, 0
-0.00227553, 0.280072, 0.999624, 0, 0, 0.0274102, 8.86482e-05, 9.7341e-06, -2.18415e-05, 9.73409e-06, 2.87658e-05, -1.338e-05, -2.18415e-05, -1.338e-05, 9.99844e-05, 0
-0.0287962, 0.28524, 0.999671, 0, 0, 0.0256405, 8.44678e-05, 9.94005e-06, -2.11579e-05, 9.94004e-06, 2.9053e-05, -1.60876e-05, -2.11579e-05, -1.60876e-05, 9.60524e-05, 0
-0.0615857, 0.288297, 0.999688, 0, 0, 0.0249717, 8.41178e-05, 1.05152e-05, -2.05169e-05, 1.05152e-05, 2.98487e-05, -1.93503e-05, -2.05169e-05, -1.93503e-05, 9.62889e-05, 0
-0.0992693, 0.289216, 0.999676, 0, 0, 0.0254711, 8.78179e-05, 1.14283e-05, -1.99751e-05, 1.14283e-05, 3.12376e-05, -2.32203e-05, -1.99751e-05, -2.32203e-05, 0.000100933, 0
-0.139876, 0.28792, 0.999634, 0, 0, 0.0270442, 9.50315e-05, 1.26397e-05, -1.95822e-05, 1.26397e-05, 3.32973e-05, -2.77583e-05, -1.95822e-05, -2.77583e-05, 0.000109508, 0
-0.181045, 0.284324, 0.999567, 0, 0, 0.0294243, 0.000104524, 1.40974e-05, -1.93751e-05, 1.40974e-05, 3.60821e-05, -3.29703e-05, -1.93751e-05, -3.29703e-05, 0.000120849, 0
-0.220388, 0.278412, 0.999481, 0, 0, 0.0322089, 0.000114623, 1.5722e-05, -1.93577e-05, 1.5722e-05, 3.95977e-05, -3.87491e-05, -1.93577e-05, -3.87491e-05, 0.000133318, 0
-0.255887, 0.270304, 0.999389, 0, 0, 0.0349378, 0.000123599, 1.73921e-05, -1.94872e-05, 1.73921e-05, 4.37703e-05, -4.48515e-05, -1.94872e-05, -4.48515e-05, 0.000145147, 0
-0.286152, 0.260305, 0.999308, 0, 0, 0.0371831, 0.000130022, 1.89492e-05, -1.96821e-05, 1.89492e-05, 4.84264e-05, -5.0925e-05, -1.96821e-05, -5.0925e-05, 0.000154776, 0
-0.310455, 0.248886, 0.999254, 0, 0, 0.0386232, 0.000132988, 2.0225e-05, -1.98497e-05, 2.0225e-05, 5.32937e-05, -5.65703e-05, -1.98497e-05, -5.65703e-05, 0.000161103, 0
-0.328577, 0.236635, 0.999236, 0, 0, 0.0390834, 0.000132182, 2.10843e-05, -1.99172e-05, 2.10843e-05, 5.80288e-05, -6.14111e-05, -1.99172e-05, -6.14111e-05, 0.000163585, 0
-0.340566, 0.224178, 0.999257, 0, 0, 0.0385465, 0.000127833, 2.14604e-05, -1.98497e-05, 2.14604e-05, 6.22641e-05, -6.51532e-05, -1.98497e-05, -6.51532e-05, 0.000162247, 0
-0.346512, 0.212109, 0.99931, 0, 0, 0.037146, 0.000120618, 2.13699e-05, -1.96528e-05, 2.13699e-05, 6.56605e-05, -6.76156e-05, -1.96528e-05, -6.76156e-05, 0.000157618, 0
-0.346395, 0.200931, 0.999382, 0, 0, 0.0351494, 0.00011156, 2.09014e-05, -1.936e-05, 2.09014e-05, 6.79523e-05, -6.87359e-05, -1.936e-05, -6.87359e-05, 0.000150652, 0
-0.340036, 0.191022, 0.999458, 0, 0, 0.0329326, 0.000101929, 2.01854e-05, -1.90165e-05, 2.01854e-05, 6.89774e-05, -6.85518e-05, -1.90165e-05, -6.85518e-05, 0.000142613, 0
-0.327148, 0.182643, 0.999521, 0, 0, 0.0309401, 9.31235e-05, 1.93566e-05, -1.86645e-05, 1.93566e-05, 6.86896e-05, -6.71654e-05, -1.86645e-05, -6.71654e-05, 0.000134943, 0
-0.307487, 0.175983, 0.999561, 0, 0, 0.0296266, 8.65142e-05, 1.85265e-05, -1.83367e-05, 1.85265e-05, 6.71572e-05, -6.46994e-05, -1.83367e-05, -6.46994e-05, 0.000129069, 0
-0.281071, 0.171228, 0.999568, 0, 0, 0.0293749, 8.3237e-05, 1.77738e-05, -1.80598e-05, 1.77738e-05, 6.45521e-05, -6.12589e-05, -1.80598e-05, -6.12589e-05, 0.000126166, 0
-0.24842, 0.168634, 0.999538, 0, 0, 0.0304002, 8.39561e-05, 1.71516e-05, -1.7867e-05, 1.71516e-05, 6.11312e-05, -5.69187e-05, -1.7867e-05, -5.69187e-05, 0.000126888, 0
-0.210727, 0.168553, 0.999466, 0, 0, 0.0326636, 8.86608e-05, 1.66991e-05, -1.78153e-05, 1.66991e-05, 5.72108e-05, -5.17489e-05, -1.78153e-05, -5.17489e-05, 0.000131145, 0
-0.169854, 0.171374, 0.999358, 0, 0, 0.0358323, 9.65906e-05, 1.6437e-05, -1.79931e-05, 1.6437e-05, 5.31291e-05, -4.5875e-05, -1.79931e-05, -4.5875e-05, 0.000138038, 0
-0.128108, 0.177375, 0.999226, 0, 0, 0.0393269, 0.000106359, 1.6345e-05, -1.8505e-05, 1.6345e-05, 4.91964e-05, -3.95414e-05, -1.8505e-05, -3.95414e-05, 0.00014603, 0
-0.0878508, 0.186565, 0.999098, 0, 0, 0.042463, 0.000116262, 1.63386e-05, -1.94243e-05, 1.63386e-05, 4.5642e-05, -3.31243e-05, -1.94243e-05, -3.31243e-05, 0.000153342, 0
-0.0511239, 0.198574, 0.999003, 0, 0, 0.0446378, 0.000124665, 1.62774e-05, -2.07336e-05, 1.62774e-05, 4.2581e-05, -2.70759e-05, -2.07336e-05, -2.70759e-05, 0.000158426, 0
-0.0194301, 0.212683, 0.998965, 0, 0, 0.0454843, 0.000130309, 1.60141e-05, -2.22922e-05, 1.60141e-05, 4.00183e-05, -2.18141e-05, -2.22922e-05, -2.18141e-05, 0.000160295, 0
0.00627349, 0.227956, 0.99899, 0, 0, 0.0449246, 0.000132475, 1.54589e-05, -2.38605e-05, 1.54589e-05, 3.78892e-05, -1.76318e-05, -2.38605e-05, -1.76318e-05, 0.000158617, 0
0.025443, 0.243426, 0.99907, 0, 0, 0.0431251, 0.000130993, 1.46204e-05, -2.51774e-05, 1.46204e-05, 3.61111e-05, -1.46632e-05, -2.51774e-05, -1.46632e-05, 0.000153605, 0
0.0377775, 0.25824, 0.999184, 0, 0, 0.0404001, 0.000126182, 1.36006e-05, -2.60472e-05, 1.36006e-05, 3.46218e-05, -1.29064e-05, -2.60472e-05, -1.29064e-05, 0.000145852, 0
0.0430811, 0.271749, 0.999311, 0, 0, 0.037121, 0.00011877, 1.25565e-05, -2.63936e-05, 1.25565e-05, 3.33957e-05, -1.22713e-05, -2.63936e-05, -1.22713e-05, 0.000136213, 0
0.041186, 0.283521, 0.999433, 0, 0, 0.0336588, 0.000109812, 1.16523e-05, -2.62614e-05, 1.16523e-05, 3.24442e-05, -1.26229e-05, -2.62614e-05, -1.26229e-05, 0.000125741, 0
0.0319473, 0.29332, 0.999539, 0, 0, 0.0303607, 0.000100601, 1.10218e-05, -2.57757e-05, 1.10218e-05, 3.18083e-05, -1.38146e-05, -2.57757e-05, -1.38146e-05, 0.000115643, 0
0.0153093, 0.301058, 0.999621, 0, 0, 0.0275435, 9.25413e-05, 1.07508e-05, -2.50859e-05, 1.07508e-05, 3.15502e-05, -1.57155e-05, -2.50859e-05, -1.57155e-05, 0.000107209, 0
-0.00855989, 0.306731, 0.999675, 0, 0, 0.0254862, 8.6975e-05, 1.08753e-05, -2.43218e-05, 1.08753e-05, 3.17453e-05, -1.82351e-05, -2.43218e-05, -1.82351e-05, 0.000101677, 0
-0.0390925, 0.31036, 0.999702, 0, 0, 0.0244098, 8.49489e-05, 1.13916e-05, -2.35768e-05, 1.13916e-05, 3.24757e-05, -2.13415e-05, -2.35768e-05, -2.13415e-05, 0.000100035, 0
-0.0751622, 0.311939, 0.999701, 0, 0, 0.0244385, 8.69702e-05, 1.22716e-05, -2.29172e-05, 1.22716e-05, 3.38249e-05, -2.50622e-05, -2.29172e-05, -2.50622e-05, 0.000102783, 0
-0.115027, 0.311414, 0.999673, 0, 0, 0.0255569, 9.28239e-05, 1.34757e-05, -2.23986e-05, 1.34757e-05, 3.58716e-05, -2.94542e-05, -2.23986e-05, -2.94542e-05, 0.000109751, 0
-0.156448, 0.308702, 0.99962, 0, 0, 0.0275821, 0.000101546, 1.49549e-05, -2.20687e-05, 1.49549e-05, 3.86766e-05, -3.45472e-05, -2.20687e-05, -3.45472e-05, 0.000120046, 0
-0.197004, 0.303753, 0.999545, 0, 0, 0.0301764, 0.000111606, 1.66403e-05, -2.19507e-05, 1.66403e-05, 4.22609e-05, -4.02799e-05, -2.19507e-05, -4.02799e-05, 0.000132191, 0
-0.234485, 0.296628, 0.999458, 0, 0, 0.032907, 0.000121249, 1.84268e-05, -2.20222e-05, 1.84268e-05, 4.6576e-05, -4.64602e-05, -2.20222e-05, -4.64602e-05, 0.000144433, 0
-0.267222, 0.287553, 0.999376, 0, 0, 0.0353333, 0.000128882, 2.01678e-05, -2.22127e-05, 2.01678e-05, 5.14776e-05, -5.27715e-05, -2.22127e-05, -5.27715e-05, 0.000155093, 0
-0.294218, 0.276927, 0.999312, 0, 0, 0.0370905, 0.000133363, 2.16935e-05, -2.24247e-05, 2.16935e-05, 5.6717e-05, -5.88211e-05, -2.24247e-05, -5.88211e-05, 0.000162863, 0
-0.315065, 0.265288, 0.99928, 0, 0, 0.0379438, 0.00013413, 2.28483e-05, -2.25676e-05, 2.28483e-05, 6.19581e-05, -6.42105e-05, -2.25676e-05, -6.42105e-05, 0.000166962, 0
-0.329722, 0.253243, 0.999285, 0, 0, 0.0378114, 0.000131194, 2.35309e-05, -2.25838e-05, 2.35309e-05, 6.68184e-05, -6.86003e-05, -2.25838e-05, -6.86003e-05, 0.000167183, 0
-0.338282, 0.241393, 0.999324, 0, 0, 0.0367636, 0.000125057, 2.3719e-05, -2.24585e-05, 2.3719e-05, 7.09212e-05, -7.17537e-05, -2.24585e-05, -7.17537e-05, 0.000163852, 0
-0.340778, 0.230267, 0.999387, 0, 0, 0.0350098, 0.000116611, 2.34692e-05, -2.22135e-05, 2.34692e-05, 7.3947e-05, -7.35526e-05, -2.22135e-05, -7.35526e-05, 0.000157752, 0
-0.337096, 0.22028, 0.999459, 0, 0, 0.0328767, 0.000107038, 2.28938e-05, -2.18914e-05, 2.28938e-05, 7.56718e-05, -7.39896e-05, -2.18914e-05, -7.39896e-05, 0.00015003, 0
-0.326984, 0.211724, 0.999526, 0, 0, 0.0307758, 9.77016e-05, 2.21255e-05, -2.15385e-05, 2.21255e-05, 7.59891e-05, -7.314e-05, -2.15385e-05, -7.314e-05, 0.000142069, 0
-0.310155, 0.204793, 0.999575, 0, 0, 0.0291534, 9.00079e-05, 2.12848e-05, -2.11944e-05, 2.12848e-05, 7.49149e-05, -7.11203e-05, -2.11944e-05, -7.11203e-05, 0.000135329, 0
-0.295798, 0.198648, 0.999615, 0, 0, 0.0277633, 8.34853e-05, 2.05183e-05, -2.0796e-05, 2.05183e-05, 7.3915e-05, -6.93535e-05, -2.0796e-05, -6.93535e-05, 0.000129481, 0
-0.283364, 0.193179, 0.999647, 0, 0, 0.0265559, 7.78868e-05, 1.98162e-05, -2.03702e-05, 1.98161e-05, 7.29738e-05, -6.77877e-05, -2.03702e-05, -6.77877e-05, 0.000124355, 0
-0.27245, 0.188296, 0.999675, 0, 0, 0.0254952, 7.30306e-05, 1.91704e-05, -1.99336e-05, 1.91704e-05, 7.20801e-05, -6.63842e-05, -1.99336e-05, -6.63842e-05, 0.000119821, 0
-0.262756, 0.183924, 0.999698, 0, 0, 0.0245546, 6.87799e-05, 1.85741e-05, -1.9497e-05, 1.85741e-05, 7.12253e-05, -6.51135e-05, -1.9497e-05, -6.51135e-05, 0.00011578, 0
-0.254054, 0.180001, 0.999719, 0, 0, 0.0237142, 6.50295e-05, 1.80215e-05, -1.90672e-05, 1.80215e-05, 7.04031e-05, -6.39531e-05, -1.90672e-05, -6.39531e-05, 0.000112154, 0
-0.246166, 0.176474, 0.999736, 0, 0, 0.0229581, 6.16977e-05, 1.75078e-05, -1.86484e-05, 1.75078e-05, 6.96086e-05, -6.28851e-05, -1.86484e-05, -6.28851e-05, 0.00010888, 0
-0.238954, 0.173299, 0.999752, 0, 0, 0.0222741, 5.87193e-05, 1.70287e-05, -1.8243e-05, 1.70287e-05, 6.8838e-05, -6.18954e-05, -1.8243e-05, -6.18954e-05, 0.000105909, 0
-0.232309, 0.170437, 0.999766, 0, 0, 0.0216521, 5.60423e-05, 1.65807e-05, -1.78524e-05, 1.65807e-05, 6.80882e-05, -6.09726e-05, -1.78524e-05, -6.09726e-05, 0.000103199, 0
-0.226141, 0.167856, 0.999778, 0, 0, 0.0210841, 5.36244e-05, 1.61606e-05, -1.74773e-05, 1.61606e-05, 6.73568e-05, -6.01075e-05, -1.74773e-05, -6.01075e-05, 0.000100716, 0
-0.22038, 0.165526, 0.999789, 0, 0, 0.0205634, 5.14308e-05, 1.57657e-05, -1.71178e-05, 1.57657e-05, 6.66418e-05, -5.92924e-05, -1.71178e-05, -5.92924e-05, 9.84323e-05, 0
-0.214966, 0.163423, 0.999798, 0, 0, 0.0200843, 4.94326e-05, 1.53938e-05, -1.67737e-05, 1.53938e-05, 6.59416e-05, -5.85212e-05, -1.67737e-05, -5.85212e-05, 9.6324e-05, 0
-0.209852, 0.161524, 0.999807, 0, 0, 0.0196423, 4.7606e-05, 1.50426e-05, -1.64447e-05, 1.50426e-05, 6.52549e-05, -5.77884e-05, -1.64447e-05, -5.77884e-05, 9.43712e-05, 0
-0.204998, 0.159811, 0.999815, 0, 0, 0.0192333, 4.59305e-05, 1.47104e-05, -1.61303e-05, 1.47104e-05, 6.45805e-05, -5.70897e-05, -1.61303e-05, -5.70897e-05, 9.25567e-05, 0
-0.200369, 0.158266, 0.999822, 0, 0, 0.0188538, 4.4389e-05, 1.43956e-05, -1.58297e-05, 1.43956e-05, 6.39174e-05, -5.64213e-05, -1.58297e-05, -5.64213e-05, 9.08658e-05, 0
-0.195939, 0.156873, 0.999829, 0, 0, 0.018501, 4.29669e-05, 1.40968e-05, -1.55425e-05, 1.40968e-05, 6.3265e-05, -5.578e-05, -1.55425e-05, -5.578e-05, 8.92859e-05, 0
-0.191684, 0.155621, 0.999835, 0, 0, 0.0181723, 4.16514e-05, 1.38126e-05, -1.5268e-05, 1.38126e-05, 6.26224e-05, -5.51631e-05, -1.5268e-05, -5.5163e-05, 8.78059e-05, 0
-0.187582, 0.154496, 0.99984, 0, 0, 0.0178654, 4.04316e-05, 1.3542e-05, -1.50054e-05, 1.35419e-05, 6.19891e-05, -5.4568e-05, -1.50054e-05, -5.4568e-05, 8.64164e-05, 0
-0.183618, 0.153487, 0.999846, 0, 0, 0.0175783, 3.92982e-05, 1.32838e-05, -1.47543e-05, 1.32838e-05, 6.13645e-05, -5.39928e-05, -1.47543e-05, -5.39928e-05, 8.51088e-05, 0
-0.179776, 0.152586, 0.99985, 0, 0, 0.0173094, 3.82427e-05, 1.30373e-05, -1.45139e-05, 1.30373e-05, 6.07483e-05, -5.34356e-05, -1.45139e-05, -5.34356e-05, 8.38758e-05, 0
-0.176044, 0.151783, 0.999855, 0, 0, 0.0170571, 3.72581e-05, 1.28015e-05, -1.42837e-05, 1.28015e-05, 6.014e-05, -5.28949e-05, -1.42837e-05, -5.28949e-05, 8.27109e-05, 0
