1.16199e-09, 5.07087e-31, 1, 0, 0, 5.80993e-10, 1.16202e-23, -3.20588e-40, -2.7589e-31, -3.20588e-40, 1.55894e-41, 1.35024e-32, -2.7589e-31, 1.35024e-32, 1.16202e-23, 0
1.16299e-09, 4.86517e-31, 1, 0, 0, 5.81493e-10, 1.16302e-23, -3.2114e-40, -2.76127e-31, -3.2114e-40, 1.56315e-41, 1.35257e-32, -2.76127e-31, 1.35257e-32, 1.16302e-23, 0
1.16399e-09, 6.3772e-31, 1, 0, 0, 5.81993e-10, 1.16402e-23, -3.21692e-40, -2.76365e-31, -3.21692e-40, 1.56735e-41, 1.3549e-32, -2.76365e-31, 1.3549e-32, 1.16402e-23, 0
1.16499e-09, 6.17299e-31, 1, 0, 0, 5.82493e-10, 1.16502e-23, -3.22244e-40, -2.76602e-31, -3.22244e-40, 1.57156e-41, 1.35723e-32, -2.76602e-31, 1.35723e-32, 1.16502e-23, 0
1.16599e-09, 5.32139e-31, 1, 0, 0, 5.82993e-10, 1.16602e-23, -3.22798e-40, -2.7684e-31, -3.22798e-40, 1.57576e-41, 1.35956e-32, -2.7684e-31, 1.35956e-32, 1.16602e-23, 0
1.16699e-09, 6.41012e-31, 1, 0, 0, 5.83493e-10, 1.16702e-23, -3.23352e-40, -2.77077e-31, -3.23352e-40, 1.57996e-41, 1.36189e-32, -2.77077e-31, 1.36189e-32, 1.16702e-23, 0
1.16799e-09, 6.42111e-31, 1, 0, 0, 5.83993e-10, 1.16802e-23, -3.23907e-40, -2.77315e-31, -3.23907e-40, 1.58417e-41, 1.36422e-32, -2.77315e-31, 1.36422e-32, 1.16802e-23, 0
1.16899e-09, 5.13215e-31, 1, 0, 0, 5.84493e-10, 1.16902e-23, -3.24462e-40, -2.77552e-31, -3.24462e-40, 1.58837e-41, 1.36656e-32, -2.77552e-31, 1.36656e-32, 1.16902e-23, 0
1.16999e-09, 5.14094e-31, 1, 0, 0, 5.84993e-10, 1.17002e-23, -3.25017e-40, -2.77789e-31, -3.25017e-40, 1.59258e-41, 1.3689e-32, -2.77789e-31, 1.3689e-32, 1.17002e-23, 0
1.17099e-09, 5.14973e-31, 1, 0, 0, 5.85493e-10, 1.17102e-23, -3.25572e-40, -2.78027e-31, -3.25572e-40, 1.59678e-41, 1.37124e-32, -2.78027e-31, 1.37124e-32, 1.17102e-23, 0
1.17199e-09, 5.81185e-31, 1, 0, 0, 5.85993e-10, 1.17202e-23, -3.26128e-40, -2.78264e-31, -3.26128e-40, 1.60098e-41, 1.37358e-32, -2.78264e-31, 1.37358e-32, 1.17202e-23, 0
1.17299e-09, 5.38548e-31, 1, 0, 0, 5.86493e-10, 1.17302e-23, -3.26686e-40, -2.78502e-31, -3.26686e-40, 1.60519e-41, 1.37593e-32, -2.78502e-31, 1.37593e-32, 1.17302e-23, 0
1.17399e-09, 5.17615e-31, 1, 0, 0, 5.86993e-10, 1.17402e-23, -3.27244e-40, -2.78739e-31, -3.27244e-40, 1.60939e-41, 1.37828e-32, -2.78739e-31, 1.37828e-32, 1.17402e-23, 0
1.17499e-09, 6.71719e-31, 1, 0, 0, 5.87493e-10, 1.17502e-23, -3.27802e-40, -2.78977e-31, -3.27802e-40, 1.6136e-41, 1.38063e-32, -2.78977e-31, 1.38063e-32, 1.17502e-23, 0
1.17599e-09, 6.29011e-31, 1, 0, 0, 5.87993e-10, 1.17602e-23, -3.28359e-40, -2.79214e-31, -3.28359e-40, 1.6178e-41, 1.38298e-32, -2.79214e-31, 1.38298e-32, 1.17602e-23, 0
1.17699e-09, 6.30081e-31, 1, 0, 0, 5.88493e-10, 1.17702e-23, -3.28917e-40, -2.79451e-31, -3.28917e-40, 1.622e-41, 1.38533e-32, -2.79451e-31, 1.38533e-32, 1.17702e-23, 0
1.17799e-09, 7.63157e-31, 1, 0, 0, 5.88993e-10, 1.17802e-23, -3.29476e-40, -2.79689e-31, -3.29476e-40, 1.62621e-41, 1.38768e-32, -2.79689e-31, 1.38769e-32, 1.17802e-23, 0
1.17899e-09, 5.88148e-31, 1, 0, 0, 5.89493e-10, 1.17902e-23, -3.30037e-40, -2.79926e-31, -3.30037e-40, 1.63041e-41, 1.39004e-32, -2.79926e-31, 1.39004e-32, 1.17902e-23, 0
1.17999e-09, 6.11221e-31, 1, 0, 0, 5.89993e-10, 1.18002e-23, -3.30597e-40, -2.80164e-31, -3.30597e-40, 1.63461e-41, 1.3924e-32, -2.80164e-31, 1.3924e-32, 1.18002e-23, 0
1.18099e-09, 5.90145e-31, 1, 0, 0, 5.90493e-10, 1.18102e-23, -3.31158e-40, -2.80401e-31, -3.31158e-40, 1.63882e-41, 1.39476e-32, -2.80401e-31, 1.39476e-32, 1.18102e-23, 0
1.18199e-09, 6.79747e-31, 1, 0, 0, 5.90993e-10, 1.18202e-23, -3.31718e-40, -2.80639e-31, -3.31718e-40, 1.64302e-41, 1.39712e-32, -2.80639e-31, 1.39713e-32, 1.18202e-23, 0
1.18299e-09, 6.14333e-31, 1, 0, 0, 5.91493e-10, 1.18302e-23, -3.32279e-40, -2.80876e-31, -3.32279e-40, 1.64723e-41, 1.39949e-32, -2.80876e-31, 1.39949e-32, 1.18302e-23, 0
1.18399e-09, 5.93147e-31, 1, 0, 0, 5.91993e-10, 1.18402e-23, -3.32841e-40, -2.81113e-31, -3.32841e-40, 1.65143e-41, 1.40186e-32, -2.81113e-31, 1.40186e-32, 1.18402e-23, 0
1.18499e-09, 5.49623e-31, 1, 0, 0, 5.92493e-10, 1.18502e-23, -3.33404e-40, -2.81351e-31, -3.33404e-40, 1.65563e-41, 1.40423e-32, -2.81351e-31, 1.40423e-32, 1.18502e-23, 0
1.18599e-09, 5.95153e-31, 1, 0, 0, 5.92993e-10, 1.18602e-23, -3.33967e-40, -2.81588e-31, -3.33967e-40, 1.65984e-41, 1.4066e-32, -2.81588e-31, 1.4066e-32, 1.18602e-23, 0
1.18699e-09, 6.40833e-31, 1, 0, 0, 5.93493e-10, 1.18702e-23, -3.34531e-40, -2.81826e-31, -3.34531e-40, 1.66404e-41, 1.40897e-32, -2.81826e-31, 1.40897e-32, 1.18702e-23, 0
1.18799e-09, 5.97161e-31, 1, 0, 0, 5.93993e-10, 1.18802e-23, -3.35094e-40, -2.82063e-31, -3.35094e-40, 1.66825e-41, 1.41134e-32, -2.82063e-31, 1.41135e-32, 1.18802e-23, 0
1.18899e-09, 6.87822e-31, 1, 0, 0, 5.94493e-10, 1.18902e-23, -3.35657e-40, -2.82301e-31, -3.35657e-40, 1.67245e-41, 1.41372e-32, -2.82301e-31, 1.41372e-32, 1.18902e-23, 0
1.18999e-09, 6.21625e-31, 1, 0, 0, 5.94993e-10, 1.19002e-23, -3.36222e-40, -2.82538e-31, -3.36222e-40, 1.67665e-41, 1.4161e-32, -2.82538e-31, 1.4161e-32, 1.19002e-23, 0
1.19099e-09, 5.32714e-31, 1, 0, 0, 5.95493e-10, 1.19102e-23, -3.36788e-40, -2.82775e-31, -3.36788e-40, 1.68086e-41, 1.41848e-32, -2.82775e-31, 1.41848e-32, 1.19102e-23, 0
1.19199e-09, 6.46243e-31, 1, 0, 0, 5.95993e-10, 1.19202e-23, -3.37354e-40, -2.83013e-31, -3.37354e-40, 1.68506e-41, 1.42086e-32, -2.83013e-31, 1.42087e-32, 1.19202e-23, 0
1.19299e-09, 6.47328e-31, 1, 0, 0, 5.96493e-10, 1.19302e-23, -3.3792e-40, -2.8325e-31, -3.3792e-40, 1.68927e-41, 1.42325e-32, -2.8325e-31, 1.42325e-32, 1.19302e-23, 0
1.19399e-09, 6.93619e-31, 1, 0, 0, 5.96993e-10, 1.19402e-23, -3.38486e-40, -2.83488e-31, -3.38486e-40, 1.69347e-41, 1.42564e-32, -2.83488e-31, 1.42564e-32, 1.19402e-23, 0
1.19499e-09, 6.495e-31, 1, 0, 0, 5.97493e-10, 1.19502e-23, -3.39053e-40, -2.83725e-31, -3.39053e-40, 1.69767e-41, 1.42803e-32, -2.83725e-31, 1.42803e-32, 1.19502e-23, 0
1.19599e-09, 5.59874e-31, 1, 0, 0, 5.97993e-10, 1.19602e-23, -3.3962e-40, -2.83963e-31, -3.3962e-40, 1.70188e-41, 1.43042e-32, -2.83963e-31, 1.43042e-32, 1.19602e-23, 0
1.19699e-09, 6.51676e-31, 1, 0, 0, 5.98493e-10, 1.19702e-23, -3.40189e-40, -2.842e-31, -3.40189e-40, 1.70608e-41, 1.43281e-32, -2.842e-31, 1.43281e-32, 1.19702e-23, 0
1.19799e-09, 6.52766e-31, 1, 0, 0, 5.98993e-10, 1.19802e-23, -3.40758e-40, -2.84437e-31, -3.40758e-40, 1.71028e-41, 1.4352e-32, -2.84437e-31, 1.4352e-32, 1.19802e-23, 0
1.19899e-09, 8.13401e-31, 1, 0, 0, 5.99493e-10, 1.19902e-23, -3.41327e-40, -2.84675e-31, -3.41327e-40, 1.71449e-41, 1.4376e-32, -2.84675e-31, 1.4376e-32, 1.19902e-23, 0
1.19999e-09, 6.54947e-31, 1, 0, 0, 5.99993e-10, 1.20002e-23, -3.41896e-40, -2.84912e-31, -3.41896e-40, 1.71869e-41, 1.44e-32, -2.84912e-31, 1.44e-32, 1.20002e-23, 0
1.20099e-09, 6.56039e-31, 1, 0, 0, 6.00493e-10, 1.20102e-23, -3.42465e-40, -2.8515e-31, -3.42465e-40, 1.7229e-41, 1.4424e-32, -2.8515e-31, 1.4424e-32, 1.20102e-23, 0
1.20199e-09, 6.57132e-31, 1, 0, 0, 6.00993e-10, 1.20202e-23, -3.43035e-40, -2.85387e-31, -3.43035e-40, 1.7271e-41, 1.4448e-32, -2.85387e-31, 1.4448e-32, 1.20202e-23, 0
1.20299e-09, 7.04115e-31, 1, 0, 0, 6.01493e-10, 1.20302e-23, -3.43607e-40, -2.85624e-31, -3.43607e-40, 1.7313e-41, 1.44721e-32, -2.85624e-31, 1.44721e-32, 1.20302e-23, 0
1.20399e-09, 6.59321e-31, 1, 0, 0, 6.01993e-10, 1.20402e-23, -3.44179e-40, -2.85862e-31, -3.44179e-40, 1.73551e-41, 1.44962e-32, -2.85862e-31, 1.44962e-32, 1.20402e-23, 0
1.20499e-09, 5.68332e-31, 1, 0, 0, 6.02493e-10, 1.20502e-23, -3.4475e-40, -2.86099e-31, -3.4475e-40, 1.73971e-41, 1.45203e-32, -2.86099e-31, 1.45203e-32, 1.20502e-23, 0
1.20599e-09, 5.46217e-31, 1, 0, 0, 6.02993e-10, 1.20602e-23, -3.45322e-40, -2.86337e-31, -3.45322e-40, 1.74392e-41, 1.45444e-32, -2.86337e-31, 1.45444e-32, 1.20602e-23, 0
1.20699e-09, 6.6261e-31, 1, 0, 0, 6.03493e-10, 1.20702e-23, -3.45895e-40, -2.86574e-31, -3.45895e-40, 1.74812e-41, 1.45685e-32, -2.86574e-31, 1.45685e-32, 1.20702e-23, 0
1.20799e-09, 6.63709e-31, 1, 0, 0, 6.03993e-10, 1.20802e-23, -3.4647e-40, -2.86812e-31, -3.4647e-40, 1.75232e-41, 1.45927e-32, -2.86812e-31, 1.45927e-32, 1.20802e-23, 0
-0.0282281, -0.000145064, 0.999987, 0, 0, 0.00513891, 7.90724e-06, 3.95302e-08, 4.45927e-10, 3.95302e-08, 1.77366e-09, -1.11646e-07, 4.45927e-10, -1.11646e-07, 7.90921e-06, 0
-0.0633522, -0.000700889, 0.999946, 0, 0, 0.0104104, 2.03465e-05, 2.31082e-07, 4.29952e-09, 2.31082e-07, 2.66843e-08, -6.1406e-07, 4.29952e-09, -6.1406e-07, 2.03746e-05, 0
-0.102862, -0.00177352, 0.999876, 0, 0, 0.0157525, 3.66423e-05, 6.6174e-07, 1.50374e-08, 6.6174e-07, 1.3069e-07, -1.78283e-06, 1.50374e-08, -1.78283e-06, 3.67954e-05, 0
-0.145258, -0.00336166, 0.999786, 0, 0, 0.0206868, 5.51141e-05, 1.37091e-06, 3.27907e-08, 1.37091e-06, 4.0264e-07, -3.81138e-06, 3.27907e-08, -3.81138e-06, 5.56338e-05, 0
-0.188412, -0.00541036, 0.999677, 0, 0, 0.0254266, 7.35034e-05, 2.30619e-06, 5.21327e-08, 2.30619e-06, 9.36137e-07, -6.70849e-06, 5.21327e-08, -6.70849e-06, 7.47972e-05, 0
-0.231949, -0.00788328, 0.999548, 0, 0, 0.0300577, 8.95796e-05, 3.35839e-06, 6.77383e-08, 3.35839e-06, 1.78842e-06, -1.0262e-05, 6.77383e-08, -1.0262e-05, 9.21571e-05, 0
-0.27133, -0.0106507, 0.999386, 0, 0, 0.0350456, 0.000101665, 4.38792e-06, 7.8284e-08, 4.38792e-06, 2.94348e-06, -1.40886e-05, 7.82839e-08, -1.40886e-05, 0.000105996, 0
-0.307558, -0.0133824, 0.99923, 0, 0, 0.0392232, 0.000108888, 5.27265e-06, 8.74135e-08, 5.27265e-06, 4.30296e-06, -1.77388e-05, 8.74135e-08, -1.77388e-05, 0.00011527, 0
-0.340328, -0.0163171, 0.999027, 0, 0, 0.044108, 0.000111177, 5.87635e-06, 8.67632e-08, 5.87635e-06, 5.69576e-06, -2.08039e-05, 8.67633e-08, -2.08039e-05, 0.000119651, 0
-0.366107, -0.0186843, 0.998839, 0, 0, 0.0481708, 0.000109091, 6.16105e-06, 7.94156e-08, 6.16105e-06, 6.93305e-06, -2.2988e-05, 7.94157e-08, -2.2988e-05, 0.000119464, 0
-0.38593, -0.0205634, 0.998639, 0, 0, 0.052163, 0.000103647, 6.11249e-06, 4.59025e-08, 6.11249e-06, 7.84006e-06, -2.41426e-05, 4.59027e-08, -2.41426e-05, 0.000115566, 0
-0.398463, -0.021596, 0.998441, 0, 0, 0.0558092, 9.61586e-05, 5.80242e-06, -2.60077e-08, 5.80242e-06, 8.30384e-06, -2.42533e-05, -2.60076e-08, -2.42533e-05, 0.000109201, 0
-0.402364, -0.0216335, 0.998236, 0, 0, 0.0593751, 8.81112e-05, 5.36296e-06, -1.51351e-07, 5.36296e-06, 8.29051e-06, -2.3404e-05, -1.51351e-07, -2.3404e-05, 0.000101867, 0
-0.397568, -0.0206369, 0.998007, 0, 0, 0.0630988, 8.10307e-05, 4.9753e-06, -3.43511e-07, 4.9753e-06, 7.84864e-06, -2.17243e-05, -3.43511e-07, -2.17243e-05, 9.51474e-05, 0
-0.384227, -0.0182671, 0.997796, 0, 0, 0.0663499, 7.63153e-05, 4.84344e-06, -6.18217e-07, 4.84344e-06, 7.09771e-06, -1.93359e-05, -6.18217e-07, -1.93359e-05, 9.05037e-05, 0
-0.362624, -0.014637, 0.997591, 0, 0, 0.0693697, 7.5023e-05, 5.15419e-06, -9.98096e-07, 5.15419e-06, 6.20786e-06, -1.63168e-05, -9.98096e-07, -1.63168e-05, 8.90246e-05, 0
-0.333974, -0.00996415, 0.99737, 0, 0, 0.0724781, 7.76474e-05, 6.0261e-06, -1.51746e-06, 6.0261e-06, 5.37439e-06, -1.27023e-05, -1.51746e-06, -1.27023e-05, 9.11738e-05, 0
-0.298367, -0.00424674, 0.997141, 0, 0, 0.0755622, 8.39528e-05, 7.47076e-06, -2.22488e-06, 7.47076e-06, 4.78995e-06, -8.52916e-06, -2.22488e-06, -8.52915e-06, 9.66151e-05, 0
-0.259859, 0.00212059, 0.996994, 0, 0, 0.0774788, 9.29675e-05, 9.36511e-06, -3.1713e-06, 9.36511e-06, 4.60692e-06, -3.9088e-06, -3.17131e-06, -3.90879e-06, 0.000104228, 0
-0.218828, 0.00876153, 0.996885, 0, 0, 0.0788716, 0.00010319, 1.14243e-05, -4.36465e-06, 1.14243e-05, 4.88367e-06, 9.21324e-07, -4.36465e-06, 9.21328e-07, 0.000112362, 0
-0.175318, 0.0155204, 0.996808, 0, 0, 0.0798425, 0.000112917, 1.33276e-05, -5.7578e-06, 1.33276e-05, 5.58004e-06, 5.60108e-06, -5.7578e-06, 5.60109e-06, 0.000119285, 0
-0.134632, 0.0215437, 0.996788, 0, 0, 0.0800872, 0.000120621, 1.47903e-05, -7.24148e-06, 1.47903e-05, 6.55942e-06, 9.72729e-06, -7.24148e-06, 9.72729e-06, 0.000123606, 0
-0.0956705, 0.0270057, 0.996762, 0, 0, 0.0804133, 0.000125219, 1.56174e-05, -8.64089e-06, 1.56174e-05, 7.62265e-06, 1.29688e-05, -8.64089e-06, 1.29688e-05, 0.000124552, 0
-0.0581268, 0.0320638, 0.996703, 0, 0, 0.0811331, 0.000126177, 1.57706e-05, -9.80398e-06, 1.57706e-05, 8.57703e-06, 1.51365e-05, -9.80398e-06, 1.51365e-05, 0.00012197, 0
-0.026834, 0.0360309, 0.996629, 0, 0, 0.0820428, 0.000123512, 1.53191e-05, -1.06332e-05, 1.53191e-05, 9.27153e-06, 1.62022e-05, -1.06332e-05, 1.62022e-05, 0.00011621, 0
-0.0011235, 0.0390668, 0.996523, 0, 0, 0.0833157, 0.000117713, 1.4396e-05, -1.1067e-05, 1.4396e-05, 9.62058e-06, 1.6277e-05, -1.1067e-05, 1.6277e-05, 0.000107983, 0
0.0183106, 0.0410206, 0.996396, 0, 0, 0.0848184, 0.000109651, 1.3178e-05, -1.11209e-05, 1.3178e-05, 9.61059e-06, 1.55419e-05, -1.11209e-05, 1.55419e-05, 9.8234e-05, 0
0.0295905, 0.0418915, 0.996193, 0, 0, 0.0871752, 0.000100481, 1.18666e-05, -1.08587e-05, 1.18666e-05, 9.28905e-06, 1.41972e-05, -1.08587e-05, 1.41972e-05, 8.80784e-05, 0
0.0326784, 0.0416202, 0.995915, 0, 0, 0.0902936, 9.15343e-05, 1.06833e-05, -1.03699e-05, 1.06833e-05, 8.75002e-06, 1.24208e-05, -1.03699e-05, 1.24208e-05, 7.87593e-05, 0
0.0267621, 0.0396669, 0.995628, 0, 0, 0.0934053, 8.4179e-05, 9.85825e-06, -9.74403e-06, 9.85825e-06, 8.1165e-06, 1.03357e-05, -9.74403e-06, 1.03357e-05, 7.15558e-05, 0
0.0120658, 0.0360733, 0.995316, 0, 0, 0.0966715, 7.96302e-05, 9.61794e-06, -9.04924e-06, 9.61794e-06, 7.52973e-06, 7.99147e-06, -9.04924e-06, 7.99147e-06, 6.76386e-05, 0
-0.0104529, 0.0308486, 0.995001, 0, 0, 0.0998666, 7.87258e-05, 1.01443e-05, -8.33215e-06, 1.01443e-05, 7.13646e-06, 5.35511e-06, -8.33215e-06, 5.35511e-06, 6.78591e-05, 0
-0.040461, 0.0241939, 0.99462, 0, 0, 0.10359, 8.17106e-05, 1.15198e-05, -7.62369e-06, 1.15198e-05, 7.07517e-06, 2.32709e-06, -7.62369e-06, 2.32709e-06, 7.25218e-05, 0
-0.0753688, 0.0162793, 0.994236, 0, 0, 0.107217, 8.81042e-05, 1.36985e-05, -6.94714e-06, 1.36985e-05, 7.46881e-06, -1.21231e-06, -6.94714e-06, -1.21231e-06, 8.12253e-05, 0
-0.113627, 0.00741178, 0.993831, 0, 0, 0.110904, 9.67591e-05, 1.64687e-05, -6.32892e-06, 1.64687e-05, 8.39652e-06, -5.33599e-06, -6.32892e-06, -5.33599e-06, 9.28616e-05, 0
-0.155503, -0.00245574, 0.993387, 0, 0, 0.11481, 0.000106098, 1.94978e-05, -5.78719e-06, 1.94978e-05, 9.8797e-06, -9.99902e-06, -5.78719e-06, -9.99902e-06, 0.000105808, 0
-0.196267, -0.0123919, 0.992958, 0, 0, 0.118469, 0.00011447, 2.24022e-05, -5.31646e-06, 2.24022e-05, 1.18651e-05, -1.50056e-05, -5.31646e-06, -1.50056e-05, 0.000118251, 0
-0.236202, -0.0223132, 0.992541, 0, 0, 0.121911, 0.000120515, 2.48035e-05, -4.91002e-06, 2.48035e-05, 1.42048e-05, -2.00342e-05, -4.91002e-06, -2.00342e-05, 0.000128555, 0
-0.275698, -0.0321718, 0.992146, 0, 0, 0.125081, 0.00012336, 2.64159e-05, -4.55084e-06, 2.64159e-05, 1.66776e-05, -2.46973e-05, -4.55084e-06, -2.46973e-05, 0.000135513, 0
-0.309228, -0.0408301, 0.991701, 0, 0, 0.128564, 0.000122692, 2.70825e-05, -4.22772e-06, 2.70825e-05, 1.90185e-05, -2.86244e-05, -4.22772e-06, -2.86244e-05, 0.000138489, 0
-0.33833, -0.0484194, 0.991253, 0, 0, 0.131977, 0.0001187, 2.68038e-05, -3.95655e-06, 2.68038e-05, 2.09759e-05, -3.15394e-05, -3.95655e-06, -3.15394e-05, 0.000137458, 0
-0.362607, -0.0546532, 0.990824, 0, 0, 0.135156, 0.000112002, 2.56962e-05, -3.76368e-06, 2.56961e-05, 2.23388e-05, -3.32887e-05, -3.76368e-06, -3.32887e-05, 0.000132928, 0
-0.379558, -0.0587998, 0.990418, 0, 0, 0.138103, 0.000103544, 2.39898e-05, -3.68265e-06, 2.39898e-05, 2.29849e-05, -3.38477e-05, -3.68265e-06, -3.38477e-05, 0.00012585, 0
-0.388509, -0.0608744, 0.989927, 0, 0, 0.141577, 9.44945e-05, 2.20106e-05, -3.74807e-06, 2.20106e-05, 2.29069e-05, -3.33e-05, -3.74806e-06, -3.33e-05, 0.000117513, 0
-0.388943, -0.0601992, 0.989502, 0, 0, 0.144516, 8.61422e-05, 2.01447e-05, -3.98309e-06, 2.01447e-05, 2.22117e-05, -3.17879e-05, -3.98309e-06, -3.17879e-05, 0.000109385, 0
-0.380989, -0.0571536, 0.988991, 0, 0, 0.147978, 7.97535e-05, 1.87945e-05, -4.4105e-06, 1.87945e-05, 2.1102e-05, -2.94642e-05, -4.4105e-06, -2.94642e-05, 0.000102923, 0
-0.365201, -0.0514147, 0.98854, 0, 0, 0.150961, 7.63842e-05, 1.83191e-05, -5.05451e-06, 1.83191e-05, 1.98432e-05, -2.64486e-05, -5.05451e-06, -2.64486e-05, 9.93403e-05, 0
-0.341146, -0.0430074, 0.988131, 0, 0, 0.153611, 7.66723e-05, 1.89533e-05, -5.95464e-06, 1.89533e-05, 1.87148e-05, -2.28172e-05, -5.95464e-06, -2.28172e-05, 9.93431e-05, 0
-0.31148, -0.0327234, 0.987755, 0, 0, 0.156012, 8.06583e-05, 2.07298e-05, -7.1723e-06, 2.07298e-05, 1.79567e-05, -1.86324e-05, -7.1723e-06, -1.86324e-05, 0.000102919, 0
-0.277474, -0.0210145, 0.987464, 0, 0, 0.157843, 8.77108e-05, 2.34377e-05, -8.77306e-06, 2.34377e-05, 1.77187e-05, -1.40007e-05, -8.77306e-06, -1.40007e-05, 0.000109255, 0
-0.238832, -0.00798344, 0.987172, 0, 0, 0.159658, 9.6629e-05, 2.66379e-05, -1.07859e-05, 2.66379e-05, 1.80172e-05, -9.13269e-06, -1.07859e-05, -9.13269e-06, 0.0001169, 0
-0.19996, 0.00495233, 0.987054, 0, 0, 0.160387, 0.000105883, 2.97876e-05, -1.31705e-05, 2.97876e-05, 1.87489e-05, -4.35646e-06, -1.31705e-05, -4.35647e-06, 0.00012414, 0
-0.161076, 0.017423, 0.987097, 0, 0, 0.160124, 0.000113978, 3.23243e-05, -1.5745e-05, 3.23243e-05, 1.96787e-05, -3.88075e-08, -1.57449e-05, -3.8809e-08, 0.000129431, 0
-0.121671, 0.0295885, 0.987151, 0, 0, 0.159788, 0.000119703, 3.38376e-05, -1.82393e-05, 3.38376e-05, 2.05377e-05, 3.5002e-06, -1.82393e-05, 3.5002e-06, 0.000131732, 0
-0.0864272, 0.0401296, 0.987166, 0, 0, 0.159697, 0.000122285, 3.41642e-05, -2.03928e-05, 3.41642e-05, 2.1113e-05, 6.05256e-06, -2.03928e-05, 6.05256e-06, 0.000130618, 0
-0.054701, 0.0495425, 0.98703, 0, 0, 0.160537, 0.000121454, 3.33541e-05, -2.19677e-05, 3.33541e-05, 2.12751e-05, 7.57281e-06, -2.19677e-05, 7.57281e-06, 0.000126205, 0
-0.0264808, 0.0576557, 0.986863, 0, 0, 0.161561, 0.000117417, 3.16173e-05, -2.28564e-05, 3.16173e-05, 2.09896e-05, 8.12668e-06, -2.28564e-05, 8.12668e-06, 0.000119015, 0
-0.00538228, 0.0635113, 0.986605, 0, 0, 0.16313, 0.000110806, 2.92375e-05, -2.3057e-05, 2.92375e-05, 2.02896e-05, 7.85509e-06, -2.3057e-05, 7.85509e-06, 0.000109859, 0
0.00894884, 0.0671608, 0.986275, 0, 0, 0.165111, 0.000102573, 2.65697e-05, -2.26407e-05, 2.65697e-05, 1.92899e-05, 6.93272e-06, -2.26407e-05, 6.93272e-06, 9.97624e-05, 0
0.0156554, 0.068232, 0.985899, 0, 0, 0.167344, 9.38991e-05, 2.40012e-05, -2.17527e-05, 2.40012e-05, 1.81583e-05, 5.5144e-06, -2.17527e-05, 5.5144e-06, 8.99172e-05, 0
0.0139899, 0.0666365, 0.985408, 0, 0, 0.170208, 8.6067e-05, 2.19369e-05, -2.05537e-05, 2.19369e-05, 1.71024e-05, 3.71597e-06, -2.05537e-05, 3.71597e-06, 8.16096e-05, 0
0.00385983, 0.0621907, 0.984831, 0, 0, 0.173518, 8.02989e-05, 2.07656e-05, -1.91827e-05, 2.07656e-05, 1.63513e-05, 1.59596e-06, -1.91827e-05, 1.59596e-06, 7.60949e-05, 0
-0.0141325, 0.0548901, 0.984202, 0, 0, 0.177047, 7.75519e-05, 2.08064e-05, -1.77353e-05, 2.08064e-05, 1.61314e-05, -8.56696e-07, -1.77353e-05, -8.56698e-07, 7.44016e-05, 0
-0.0386556, 0.0449733, 0.983579, 0, 0, 0.180477, 7.83069e-05, 2.22337e-05, -1.62705e-05, 2.22337e-05, 1.66365e-05, -3.72238e-06, -1.62705e-05, -3.72238e-06, 7.7098e-05, 0
-0.0693705, 0.0326336, 0.982903, 0, 0, 0.184124, 8.2418e-05, 2.50008e-05, -1.48332e-05, 2.50008e-05, 1.79891e-05, -7.12449e-06, -1.48332e-05, -7.12449e-06, 8.40938e-05, 0
-0.105248, 0.0181095, 0.98227, 0, 0, 0.187469, 8.90815e-05, 2.88183e-05, -1.34644e-05, 2.88183e-05, 2.02209e-05, -1.11677e-05, -1.34644e-05, -1.11677e-05, 9.45661e-05, 0
-0.142757, 0.00268629, 0.981596, 0, 0, 0.190968, 9.70086e-05, 3.31737e-05, -1.2201e-05, 3.31737e-05, 2.32417e-05, -1.58615e-05, -1.2201e-05, -1.58615e-05, 0.000107075, 0
-0.181191, -0.0133313, 0.980924, 0, 0, 0.19439, 0.000104698, 3.74569e-05, -1.10688e-05, 3.74569e-05, 2.68636e-05, -2.10679e-05, -1.10688e-05, -2.10679e-05, 0.000119856, 0
-0.221238, -0.0300983, 0.980273, 0, 0, 0.197649, 0.000110785, 4.10709e-05, -1.00637e-05, 4.1071e-05, 3.08017e-05, -2.64894e-05, -1.00637e-05, -2.64894e-05, 0.00013117, 0
-0.257609, -0.0456894, 0.979535, 0, 0, 0.201272, 0.000114287, 4.35456e-05, -9.15516e-06, 4.35456e-05, 3.47056e-05, -3.17159e-05, -9.15516e-06, -3.17159e-05, 0.000139598, 0
-0.291183, -0.0602042, 0.978842, 0, 0, 0.204616, 0.000114699, 4.46247e-05, -8.34115e-06, 4.46247e-05, 3.82249e-05, -3.63357e-05, -8.34115e-06, -3.63357e-05, 0.000144272, 0
-0.321572, -0.0732749, 0.978234, 0, 0, 0.207507, 0.000112029, 4.425e-05, -7.63561e-06, 4.425e-05, 4.10214e-05, -3.99997e-05, -7.63561e-06, -3.99997e-05, 0.000144903, 0
-0.34618, -0.0837772, 0.977663, 0, 0, 0.210177, 0.000106699, 4.25679e-05, -7.07473e-06, 4.25679e-05, 4.28426e-05, -4.24813e-05, -7.07474e-06, -4.24813e-05, 0.000141767, 0
-0.364148, -0.0914123, 0.977029, 0, 0, 0.213105, 9.94487e-05, 3.99059e-05, -6.71328e-06, 3.99059e-05, 4.35752e-05, -4.37033e-05, -6.71328e-06, -4.37033e-05, 0.000135643, 0
-0.375765, -0.0961023, 0.976378, 0, 0, 0.216071, 9.12544e-05, 3.67236e-05, -6.5984e-06, 3.67236e-05, 4.326e-05, -4.37124e-05, -6.5984e-06, -4.37124e-05, 0.000127693, 0
-0.379188, -0.0968937, 0.975752, 0, 0, 0.218878, 8.32426e-05, 3.35609e-05, -6.76491e-06, 3.35609e-05, 4.20848e-05, -4.26388e-05, -6.76491e-06, -4.26388e-05, 0.000119321, 0
-0.374752, -0.0939213, 0.975105, 0, 0, 0.221745, 7.65726e-05, 3.09874e-05, -7.24095e-06, 3.09874e-05, 4.03666e-05, -4.06504e-05, -7.24095e-06, -4.06504e-05, 0.000112018, 0
-0.36223, -0.0869018, 0.974517, 0, 0, 0.224316, 7.22858e-05, 2.95229e-05, -8.04837e-06, 2.95229e-05, 3.8499e-05, -3.78975e-05, -8.04837e-06, -3.78975e-05, 0.000107134, 0
-0.342922, -0.0764495, 0.973972, 0, 0, 0.226666, 7.11294e-05, 2.95437e-05, -9.22323e-06, 2.95437e-05, 3.68822e-05, -3.4492e-05, -9.22323e-06, -3.4492e-05, 0.000105622, 0
-0.317312, -0.0628457, 0.973518, 0, 0, 0.22861, 7.33832e-05, 3.11813e-05, -1.08249e-05, 3.11813e-05, 3.58398e-05, -3.05181e-05, -1.08249e-05, -3.05181e-05, 0.000107795, 0
-0.286368, -0.0467577, 0.972992, 0, 0, 0.230838, 7.87555e-05, 3.42518e-05, -1.29313e-05, 3.42518e-05, 3.55424e-05, -2.60858e-05, -1.29313e-05, -2.60858e-05, 0.000113181, 0
-0.25155, -0.0287992, 0.972708, 0, 0, 0.232031, 8.63816e-05, 3.82784e-05, -1.56058e-05, 3.82784e-05, 3.59848e-05, -2.13912e-05, -1.56058e-05, -2.13912e-05, 0.000120578, 0
-0.214607, -0.0100354, 0.972527, 0, 0, 0.232789, 9.50393e-05, 4.25427e-05, -1.8814e-05, 4.25427e-05, 3.69299e-05, -1.67252e-05, -1.8814e-05, -1.67252e-05, 0.00012835, 0
-0.177215, 0.00846442, 0.972626, 0, 0, 0.232377, 0.000103359, 4.62967e-05, -2.23823e-05, 4.62967e-05, 3.80268e-05, -1.24314e-05, -2.23823e-05, -1.24314e-05, 0.000134845, 0
-0.14045, 0.0261967, 0.972723, 0, 0, 0.231969, 0.000110121, 4.8904e-05, -2.59834e-05, 4.8904e-05, 3.8869e-05, -8.80655e-06, -2.59834e-05, -8.80655e-06, 0.000138791, 0
-0.105251, 0.0428417, 0.972735, 0, 0, 0.231921, 0.000114385, 5.00152e-05, -2.92418e-05, 5.00152e-05, 3.91724e-05, -6.04591e-06, -2.92418e-05, -6.04591e-06, 0.000139482, 0
-0.0735784, 0.057226, 0.972857, 0, 0, 0.231408, 0.000115629, 4.95634e-05, -3.1824e-05, 4.95634e-05, 3.87913e-05, -4.21294e-06, -3.1824e-05, -4.21294e-06, 0.000136787, 0
-0.0464117, 0.0689411, 0.973006, 0, 0, 0.230778, 0.000113791, 4.76968e-05, -3.34808e-05, 4.76968e-05, 3.76979e-05, -3.24511e-06, -3.34808e-05, -3.24511e-06, 0.000131019, 0
-0.0194596, 0.0826574, 0.97184, 0, 0, 0.23564, 0.000109206, 4.47501e-05, -3.41258e-05, 4.475e-05, 3.60092e-05, -3.02556e-06, -3.41258e-05, -3.02556e-06, 0.000122829, 0
-0.00019449, 0.0927055, 0.97065, 0, 0, 0.240496, 0.000102572, 4.12058e-05, -3.39444e-05, 4.12058e-05, 3.39731e-05, -3.48377e-06, -3.39444e-05, -3.48377e-06, 0.000113185, 0
0.0106967, 0.0985252, 0.969435, 0, 0, 0.245347, 9.48872e-05, 3.75404e-05, -3.30306e-05, 3.75404e-05, 3.18276e-05, -4.46636e-06, -3.30306e-05, -4.46636e-06, 0.000103197, 0
0.0128694, 0.0997143, 0.968197, 0, 0, 0.250191, 8.72799e-05, 3.42876e-05, -3.15544e-05, 3.42876e-05, 2.98936e-05, -5.86741e-06, -3.15544e-05, -5.86741e-06, 9.41215e-05, 0
0.00633197, 0.096051, 0.966934, 0, 0, 0.255029, 8.08764e-05, 3.19906e-05, -2.97029e-05, 3.19906e-05, 2.85449e-05, -7.63609e-06, -2.97029e-05, -7.63609e-06, 8.72626e-05, 0
-0.0085583, 0.0875105, 0.965646, 0, 0, 0.25986, 7.66388e-05, 3.11291e-05, -2.76314e-05, 3.11291e-05, 2.81638e-05, -9.78071e-06, -2.76314e-05, -9.78071e-06, 8.37931e-05, 0
-0.0311135, 0.0742724, 0.964335, 0, 0, 0.264685, 7.51833e-05, 3.20213e-05, -2.54453e-05, 3.20213e-05, 2.90787e-05, -1.23719e-05, -2.54453e-05, -1.23719e-05, 8.45216e-05, 0
-0.0603464, 0.0567194, 0.962999, 0, 0, 0.269503, 7.66261e-05, 3.47224e-05, -2.32149e-05, 3.47224e-05, 3.14931e-05, -1.55326e-05, -2.32149e-05, -1.55326e-05, 8.96615e-05, 0
-0.0950142, 0.0354286, 0.96164, 0, 0, 0.274315, 8.05213e-05, 3.89625e-05, -2.09992e-05, 3.89625e-05, 3.54264e-05, -1.93956e-05, -2.09992e-05, -1.93956e-05, 9.86961e-05, 0
-0.133671, 0.0111521, 0.960256, 0, 0, 0.27912, 8.59392e-05, 4.41654e-05, -1.88547e-05, 4.41654e-05, 4.06866e-05, -2.40266e-05, -1.88547e-05, -2.40266e-05, 0.000110419, 0
-0.174728, -0.0152079, 0.958849, 0, 0, 0.283917, 9.16809e-05, 4.95563e-05, -1.68221e-05, 4.95563e-05, 4.68857e-05, -2.93437e-05, -1.68221e-05, -2.93437e-05, 0.00012316, 0
-0.216521, -0.0426348, 0.957417, 0, 0, 0.288708, 9.65547e-05, 5.43242e-05, -1.49149e-05, 5.43242e-05, 5.349e-05, -3.50798e-05, -1.49149e-05, -3.50798e-05, 0.000135131, 0
-0.257379, -0.0700361, 0.955962, 0, 0, 0.293492, 9.96187e-05, 5.7785e-05, -1.31288e-05, 5.7785e-05, 5.98935e-05, -4.08162e-05, -1.31288e-05, -4.08162e-05, 0.000144757, 0
-0.295687, -0.0962868, 0.954482, 0, 0, 0.298268, 0.000100319, 5.94952e-05, -1.14691e-05, 5.94952e-05, 6.54994e-05, -4.6078e-05, -1.14691e-05, -4.6078e-05, 0.000150922, 0
-0.329957, -0.120277, 0.952979, 0, 0, 0.303036, 9.85216e-05, 5.93022e-05, -9.97327e-06, 5.93022e-05, 6.98028e-05, -5.04386e-05, -9.97327e-06, -5.04386e-05, 0.000153088, 0
-0.358881, -0.14096, 0.951452, 0, 0, 0.307797, 9.44605e-05, 5.73378e-05, -8.71281e-06, 5.73378e-05, 7.24615e-05, -5.36014e-05, -8.71281e-06, -5.36014e-05, 0.000151309, 0
-0.381385, -0.157393, 0.949901, 0, 0, 0.312551, 8.86642e-05, 5.39764e-05, -7.77694e-06, 5.39764e-05, 7.33495e-05, -5.5434e-05, -7.77694e-06, -5.5434e-05, 0.000146167, 0
-0.392627, -0.164037, 0.949889, 0, 0, 0.312586, 8.18703e-05, 4.97778e-05, -7.2493e-06, 4.97778e-05, 7.25834e-05, -5.59571e-05, -7.24929e-06, -5.59571e-05, 0.00013868, 0
-0.395455, -0.166241, 0.948627, 0, 0, 0.316396, 7.49621e-05, 4.54438e-05, -7.23443e-06, 4.54437e-05, 7.05433e-05, -5.53476e-05, -7.23442e-06, -5.53476e-05, 0.000130211, 0
-0.393689, -0.162914, 0.948544, 0, 0, 0.316644, 6.88236e-05, 4.16878e-05, -7.72515e-06, 4.16878e-05, 6.77765e-05, -5.37632e-05, -7.72515e-06, -5.37632e-05, 0.000122233, 0
-0.385432, -0.156645, 0.946949, 0, 0, 0.321383, 6.43286e-05, 3.91874e-05, -8.72446e-06, 3.91874e-05, 6.49214e-05, -5.13716e-05, -8.72446e-06, -5.13716e-05, 0.000116166, 0
-0.369721, -0.144467, 0.945331, 0, 0, 0.326113, 6.21613e-05, 3.8472e-05, -1.02453e-05, 3.8472e-05, 6.26258e-05, -4.83164e-05, -1.02453e-05, -4.83164e-05, 0.000113154, 0
-0.347296, -0.126723, 0.943688, 0, 0, 0.330836, 6.26878e-05, 3.98278e-05, -1.23486e-05, 3.98278e-05, 6.14449e-05, -4.47336e-05, -1.23486e-05, -4.47336e-05, 0.000113817, 0
-0.319153, -0.103994, 0.942022, 0, 0, 0.33555, 6.58571e-05, 4.31905e-05, -1.51266e-05, 4.31905e-05, 6.1695e-05, -4.07742e-05, -1.51266e-05, -4.07742e-05, 0.000118042, 0
-0.286504, -0.0770822, 0.940333, 0, 0, 0.340256, 7.11902e-05, 4.8117e-05, -1.86721e-05, 4.8117e-05, 6.33597e-05, -3.66594e-05, -1.86721e-05, -3.66594e-05, 0.000124949, 0
-0.250721, -0.0469806, 0.93862, 0, 0, 0.344954, 7.78717e-05, 5.38581e-05, -2.30078e-05, 5.38581e-05, 6.60756e-05, -3.27014e-05, -2.30078e-05, -3.27014e-05, 0.000133088, 0
-0.213279, -0.0148386, 0.936883, 0, 0, 0.349642, 8.49177e-05, 5.95228e-05, -2.8009e-05, 5.95228e-05, 6.92173e-05, -2.92502e-05, -2.8009e-05, -2.92502e-05, 0.000140819, 0
-0.175696, 0.0180831, 0.935123, 0, 0, 0.354322, 9.13605e-05, 6.42761e-05, -3.3371e-05, 6.42761e-05, 7.20603e-05, -2.65897e-05, -3.3371e-05, -2.65897e-05, 0.000146726, 0
-0.139468, 0.0504634, 0.93334, 0, 0, 0.358993, 9.63927e-05, 6.74972e-05, -3.86474e-05, 6.74972e-05, 7.39606e-05, -2.48458e-05, -3.86474e-05, -2.48458e-05, 0.000149863, 0
-0.106012, 0.0809734, 0.931533, 0, 0, 0.363656, 9.94513e-05, 6.88562e-05, -4.33473e-05, 6.88562e-05, 7.44891e-05, -2.39661e-05, -4.33473e-05, -2.39661e-05, 0.000149815, 0
-0.0766086, 0.108331, 0.929704, 0, 0, 0.368309, 0.000100253, 6.83167e-05, -4.7042e-05, 6.83167e-05, 7.34898e-05, -2.37728e-05, -4.7042e-05, -2.37728e-05, 0.000146615, 0
-0.0523521, 0.131358, 0.92785, 0, 0, 0.372953, 9.88009e-05, 6.60964e-05, -4.94495e-05, 6.60964e-05, 7.10768e-05, -2.40523e-05, -4.94495e-05, -2.40523e-05, 0.000140647, 0
-0.03411, 0.149025, 0.925974, 0, 0, 0.377587, 9.53699e-05, 6.26146e-05, -5.04719e-05, 6.26146e-05, 6.75963e-05, -2.46345e-05, -5.04719e-05, -2.46345e-05, 0.000132595, 0
-0.0224925, 0.160503, 0.924075, 0, 0, 0.382212, 9.04729e-05, 5.84398e-05, -5.01888e-05, 5.84398e-05, 6.35822e-05, -2.5431e-05, -5.01888e-05, -2.5431e-05, 0.000123419, 0
-0.0178318, 0.165201, 0.922152, 0, 0, 0.386828, 8.48011e-05, 5.42365e-05, -4.881e-05, 5.42365e-05, 5.97102e-05, -2.64351e-05, -4.881e-05, -2.64351e-05, 0.000114324, 0
-0.0201745, 0.162792, 0.920206, 0, 0, 0.391434, 7.91324e-05, 5.06992e-05, -4.66027e-05, 5.06992e-05, 5.67428e-05, -2.76987e-05, -4.66027e-05, -2.76987e-05, 0.000106659, 0
-0.0292849, 0.153234, 0.918238, 0, 0, 0.39603, 7.42142e-05, 4.84655e-05, -4.38197e-05, 4.84655e-05, 5.54497e-05, -2.93129e-05, -4.38197e-05, -2.93129e-05, 0.000101752, 0
-0.0446602, 0.136776, 0.916246, 0, 0, 0.400616, 7.06302e-05, 4.80041e-05, -4.06553e-05, 4.80041e-05, 5.64924e-05, -3.14046e-05, -4.06553e-05, -3.14046e-05, 0.000100663, 0
-0.0655561, 0.113957, 0.914231, 0, 0, 0.405192, 6.86819e-05, 4.94991e-05, -3.72434e-05, 4.94991e-05, 6.02894e-05, -3.41429e-05, -3.72434e-05, -3.41429e-05, 0.000103927, 0
-0.0910226, 0.0855807, 0.912194, 0, 0, 0.409758, 6.83203e-05, 5.27693e-05, -3.3685e-05, 5.27693e-05, 6.68992e-05, -3.77239e-05, -3.3685e-05, -3.77239e-05, 0.000111369, 0
-0.119946, 0.0526972, 0.910134, 0, 0, 0.414314, 6.91609e-05, 5.72695e-05, -3.00735e-05, 5.72695e-05, 7.59702e-05, -4.2306e-05, -3.00735e-05, -4.2306e-05, 0.000122075, 0
-0.151099, 0.0165566, 0.908051, 0, 0, 0.41886, 7.0589e-05, 6.21917e-05, -2.64954e-05, 6.21917e-05, 8.67779e-05, -4.79069e-05, -2.64954e-05, -4.79069e-05, 0.000134559, 0
-0.183191, -0.021435, 0.905945, 0, 0, 0.423395, 7.19205e-05, 6.66401e-05, -2.30205e-05, 6.66401e-05, 9.83355e-05, -5.432e-05, -2.30205e-05, -5.432e-05, 0.000147075, 0
-0.214924, -0.0597728, 0.903817, 0, 0, 0.427919, 7.25611e-05, 6.98201e-05, -1.96984e-05, 6.98201e-05, 0.000109542, -6.11117e-05, -1.96984e-05, -6.11117e-05, 0.000157956, 0
-0.245045, -0.0969124, 0.901666, 0, 0, 0.432433, 7.21132e-05, 7.11872e-05, -1.65812e-05, 7.11871e-05, 0.000119339, -6.77089e-05, -1.65812e-05, -6.77089e-05, 0.000165884, 0
-0.272395, -0.131333, 0.899493, 0, 0, 0.436936, 7.0416e-05, 7.05244e-05, -1.37485e-05, 7.05244e-05, 0.000126856, -7.35403e-05, -1.37485e-05, -7.35403e-05, 0.000170053, 0
-0.295954, -0.1616, 0.897297, 0, 0, 0.441428, 6.75299e-05, 6.79488e-05, -1.13165e-05, 6.79488e-05, 0.000131527, -7.81594e-05, -1.13165e-05, -7.81593e-05, 0.000170232, 0
-0.314883, -0.186426, 0.895078, 0, 0, 0.445909, 6.36948e-05, 6.38642e-05, -9.42249e-06, 6.38642e-05, 0.000133168, -8.13168e-05, -9.42249e-06, -8.13168e-05, 0.000166746, 0
-0.328547, -0.204724, 0.892838, 0, 0, 0.450378, 5.92805e-05, 5.88847e-05, -8.19657e-06, 5.88847e-05, 0.000132005, -8.29687e-05, -8.19657e-06, -8.29687e-05, 0.000160411, 0
-0.336543, -0.215658, 0.890575, 0, 0, 0.454837, 5.47412e-05, 5.37481e-05, -7.73558e-06, 5.3748e-05, 0.000128655, -8.32365e-05, -7.73558e-06, -8.32365e-05, 0.000152425, 0
-0.338705, -0.218677, 0.888289, 0, 0, 0.459284, 5.05706e-05, 4.92282e-05, -8.09196e-06, 4.92282e-05, 0.000124044, -8.23406e-05, -8.09196e-06, -8.23406e-05, 0.000144225, 0
-0.335107, -0.213546, 0.885982, 0, 0, 0.46372, 4.72512e-05, 4.60464e-05, -9.28278e-06, 4.60464e-05, 0.000119295, -8.05332e-05, -9.28278e-06, -8.05332e-05, 0.000137308, 0
-0.326056, -0.200356, 0.883652, 0, 0, 0.468144, 4.51963e-05, 4.47767e-05, -1.13151e-05, 4.47767e-05, 0.000115548, -7.80518e-05, -1.13151e-05, -7.80518e-05, 0.000133005, 0
-0.312068, -0.179528, 0.881301, 0, 0, 0.472556, 4.46885e-05, 4.57496e-05, -1.42155e-05, 4.57496e-05, 0.000113766, -7.51139e-05, -1.42155e-05, -7.51139e-05, 0.000132218, 0
-0.293844, -0.151798, 0.878927, 0, 0, 0.476957, 4.58316e-05, 4.89744e-05, -1.80435e-05, 4.89744e-05, 0.000114523, -7.19522e-05, -1.80435e-05, -7.19522e-05, 0.0001352, 0
-0.272238, -0.118194, 0.876531, 0, 0, 0.481346, 4.85331e-05, 5.4111e-05, -2.28673e-05, 5.4111e-05, 0.000117853, -6.88623e-05, -2.28673e-05, -6.88623e-05, 0.000141444, 0
-0.248212, -0.0799938, 0.874113, 0, 0, 0.485722, 5.2524e-05, 6.05219e-05, -2.86962e-05, 6.05219e-05, 0.000123211, -6.62087e-05, -2.86962e-05, -6.62088e-05, 0.000149784, 0
-0.222801, -0.0386783, 0.871674, 0, 0, 0.490087, 5.7406e-05, 6.74001e-05, -3.53959e-05, 6.74001e-05, 0.000129594, -6.43503e-05, -3.53959e-05, -6.43503e-05, 0.000158697, 0
-0.19706, 0.00412692, 0.869212, 0, 0, 0.494439, 6.27049e-05, 7.39301e-05, -4.26436e-05, 7.39301e-05, 0.0001358, -6.35127e-05, -4.26436e-05, -6.35128e-05, 0.000166694, 0
-0.172025, 0.0467155, 0.866729, 0, 0, 0.498779, 6.7915e-05, 7.94221e-05, -4.99495e-05, 7.94221e-05, 0.000140705, -6.36927e-05, -4.99495e-05, -6.36927e-05, 0.000172605, 0
-0.148672, 0.0873694, 0.864225, 0, 0, 0.503106, 7.254e-05, 8.33889e-05, -5.67487e-05, 8.33889e-05, 0.000143492, -6.46589e-05, -5.67487e-05, -6.46589e-05, 0.000175693, 0
-0.127872, 0.12443, 0.861698, 0, 0, 0.507421, 7.61363e-05, 8.55702e-05, -6.25075e-05, 8.55702e-05, 0.000143751, -6.60527e-05, -6.25075e-05, -6.60527e-05, 0.00017564, 0
-0.110367, 0.156365, 0.85915, 0, 0, 0.511723, 7.83614e-05, 8.59282e-05, -6.68139e-05, 8.59282e-05, 0.000141492, -6.75203e-05, -6.68139e-05, -6.75203e-05, 0.000172502, 0
-0.0967372, 0.181832, 0.856581, 0, 0, 0.516012, 7.90214e-05, 8.46319e-05, -6.94325e-05, 8.46319e-05, 0.000137114, -6.88184e-05, -6.94325e-05, -6.88184e-05, 0.000166688, 0
-0.0873831, 0.199738, 0.85399, 0, 0, 0.520289, 7.81008e-05, 8.20328e-05, -7.03176e-05, 8.20328e-05, 0.000131345, -6.98591e-05, -7.03176e-05, -6.98591e-05, 0.00015897, 0
-0.082518, 0.209282, 0.851378, 0, 0, 0.524552, 7.57657e-05, 7.86247e-05, -6.95874e-05, 7.86247e-05, 0.000125184, -7.06981e-05, -6.95874e-05, -7.06981e-05, 0.000150453, 0
-0.0821634, 0.209995, 0.848745, 0, 0, 0.528803, 7.23326e-05, 7.49832e-05, -6.74686e-05, 7.49832e-05, 0.000119809, -7.14899e-05, -6.74686e-05, -7.14899e-05, 0.000142496, 0
-0.0861559, 0.20176, 0.84609, 0, 0, 0.53304, 6.82086e-05, 7.16807e-05, -6.42244e-05, 7.16807e-05, 0.00011645, -7.24387e-05, -6.42244e-05, -7.24387e-05, 0.000136543, 0
-0.0941599, 0.184821, 0.843414, 0, 0, 0.537263, 6.3815e-05, 6.91854e-05, -6.00922e-05, 6.91854e-05, 0.000116215, -7.37714e-05, -6.00922e-05, -7.37714e-05, 0.000133883, 0
-0.105689, 0.159776, 0.840718, 0, 0, 0.541474, 5.95129e-05, 6.77586e-05, -5.52518e-05, 6.77586e-05, 0.00011988, -7.57389e-05, -5.52518e-05, -7.57389e-05, 0.00013537, 0
-0.120132, 0.127557, 0.838, 0, 0, 0.545671, 5.55489e-05, 6.73798e-05, -4.98343e-05, 6.73799e-05, 0.000127702, -7.86207e-05, -4.98343e-05, -7.86207e-05, 0.000141185, 0
-0.136783, 0.0893935, 0.835261, 0, 0, 0.549854, 5.20333e-05, 6.77315e-05, -4.39565e-05, 6.77315e-05, 0.000139324, -8.26882e-05, -4.39566e-05, -8.26882e-05, 0.000150739, 0
-0.154877, 0.0467674, 0.832501, 0, 0, 0.554023, 4.89561e-05, 6.82662e-05, -3.775e-05, 6.82662e-05, 0.000153811, -8.81051e-05, -3.775e-05, -8.8105e-05, 0.000162773, 0
-0.17362, 0.00135244, 0.829721, 0, 0, 0.558179, 4.62324e-05, 6.8346e-05, -3.13715e-05, 6.83461e-05, 0.000169808, -9.48026e-05, -3.13715e-05, -9.48026e-05, 0.000175644, 0
-0.192231, -0.0450503, 0.826919, 0, 0, 0.56232, 4.3754e-05, 6.7409e-05, -2.50015e-05, 6.7409e-05, 0.00018576, -0.000102418, -2.50016e-05, -0.000102418, 0.00018766, 0
-0.209966, -0.0905851, 0.824098, 0, 0, 0.566448, 4.1429e-05, 6.51051e-05, -1.8843e-05, 6.51052e-05, 0.000200143, -0.000110347, -1.8843e-05, -0.000110347, 0.00019737, 0
-0.226158, -0.133417, 0.821255, 0, 0, 0.570561, 3.91957e-05, 6.13693e-05, -1.3125e-05, 6.13693e-05, 0.000211659, -0.000117888, -1.3125e-05, -0.000117888, 0.00020375, 0
-0.240233, -0.171806, 0.818392, 0, 0, 0.57466, 3.70197e-05, 5.64217e-05, -8.09885e-06, 5.64217e-05, 0.000219413, -0.000124412, -8.09887e-06, -0.000124412, 0.000206292, 0
-0.251736, -0.204179, 0.815508, 0, 0, 0.578745, 3.48867e-05, 5.07139e-05, -4.01585e-06, 5.07139e-05, 0.000223025, -0.000129491, -4.01587e-06, -0.000129491, 0.000205034, 0
-0.260344, -0.229194, 0.812605, 0, 0, 0.582815, 3.28009e-05, 4.48425e-05, -1.09441e-06, 4.48425e-05, 0.000222689, -0.000132946, -1.09443e-06, -0.000132946, 0.000200532, 0
-0.265871, -0.245795, 0.80968, 0, 0, 0.586871, 3.07917e-05, 3.94562e-05, 5.10221e-07, 3.94562e-05, 0.000219154, -0.000134833, 5.10202e-07, -0.000134833, 0.000193789, 0
-0.268275, -0.253261, 0.806736, 0, 0, 0.590912, 2.89228e-05, 3.51712e-05, 7.19867e-07, 3.51712e-05, 0.000213624, -0.000135372, 7.19848e-07, -0.000135372, 0.000186139, 0
-0.267644, -0.251234, 0.803771, 0, 0, 0.594938, 2.72973e-05, 3.25027e-05, -4.7531e-07, 3.25027e-05, 0.000207601, -0.000134867, -4.75328e-07, -0.000134867, 0.000179082, 0
-0.264195, -0.239734, 0.800787, 0, 0, 0.59895, 2.60529e-05, 3.1811e-05, -3.04527e-06, 3.1811e-05, 0.000202663, -0.000133641, -3.04529e-06, -0.000133641, 0.000174075, 0
-0.258249, -0.219168, 0.797782, 0, 0, 0.602946, 2.53485e-05, 3.32609e-05, -6.95486e-06, 3.32609e-05, 0.000200205, -0.000132011, -6.95488e-06, -0.000132011, 0.000172277, 0
-0.250217, -0.190305, 0.794757, 0, 0, 0.606928, 2.53464e-05, 3.67998e-05, -1.21843e-05, 3.67998e-05, 0.000201176, -0.000130307, -1.21843e-05, -0.000130307, 0.000174299, 0
-0.240574, -0.154258, 0.791713, 0, 0, 0.610894, 2.61936e-05, 4.21659e-05, -1.87152e-05, 4.2166e-05, 0.000205865, -0.000128914, -1.87152e-05, -0.000128914, 0.000180033, 0
-0.229831, -0.112433, 0.788648, 0, 0, 0.614845, 2.80009e-05, 4.89349e-05, -2.64773e-05, 4.89349e-05, 0.000213811, -0.00012827, -2.64773e-05, -0.00012827, 0.00018866, 0
-0.218515, -0.0664767, 0.785564, 0, 0, 0.61878, 3.08165e-05, 5.65951e-05, -3.52819e-05, 5.65951e-05, 0.000223916, -0.000128778, -3.52819e-05, -0.000128778, 0.000198853, 0
-0.207142, -0.0182099, 0.78246, 0, 0, 0.6227, 3.45924e-05, 6.46211e-05, -4.47804e-05, 6.46212e-05, 0.000234713, -0.000130658, -4.47804e-05, -0.000130658, 0.00020912, 0
-0.196189, 0.0304439, 0.779337, 0, 0, 0.626605, 3.91557e-05, 7.2519e-05, -5.44819e-05, 7.25191e-05, 0.000244697, -0.000133835, -5.44819e-05, -0.000133835, 0.000218109, 0
-0.186082, 0.0775373, 0.776194, 0, 0, 0.630494, 4.41994e-05, 7.98415e-05, -6.38166e-05, 7.98415e-05, 0.000252606, -0.000137935, -6.38166e-05, -0.000137935, 0.000224785, 0
-0.177171, 0.121177, 0.773032, 0, 0, 0.634367, 4.93036e-05, 8.61937e-05, -7.22145e-05, 8.61937e-05, 0.00025758, -0.000142412, -7.22145e-05, -0.000142412, 0.000228485, 0
-0.169725, 0.159601, 0.769851, 0, 0, 0.638224, 5.39858e-05, 9.12484e-05, -7.91742e-05, 9.12484e-05, 0.000259228, -0.000146715, -7.91742e-05, -0.000146715, 0.000228933, 0
-0.16392, 0.191249, 0.76665, 0, 0, 0.642065, 5.77667e-05, 9.47714e-05, -8.43153e-05, 9.47714e-05, 0.000257652, -0.000150422, -8.43153e-05, -0.000150422, 0.000226252, 0
-0.159837, 0.214831, 0.76343, 0, 0, 0.64589, 6.02414e-05, 9.66457e-05, -8.74086e-05, 9.66457e-05, 0.000253434, -0.00015332, -8.74086e-05, -0.00015332, 0.000220989, 0
-0.157469, 0.229373, 0.760191, 0, 0, 0.649699, 6.1136e-05, 9.68799e-05, -8.83831e-05, 9.68799e-05, 0.00024759, -0.000155407, -8.83831e-05, -0.000155407, 0.000214102, 0
-0.156723, 0.234264, 0.756933, 0, 0, 0.653492, 6.03436e-05, 9.55922e-05, -8.73047e-05, 9.55922e-05, 0.000241478, -0.000156853, -8.73047e-05, -0.000156853, 0.000206893, 0
-0.157433, 0.229278, 0.753656, 0, 0, 0.657269, 5.79304e-05, 9.29711e-05, -8.4331e-05, 9.29711e-05, 0.000236631, -0.00015793, -8.4331e-05, -0.00015793, 0.000200856, 0
-0.159374, 0.214587, 0.750361, 0, 0, 0.661029, 5.41178e-05, 8.92212e-05, -7.9653e-05, 8.92212e-05, 0.000234539, -0.000158962, -7.9653e-05, -0.000158962, 0.000197449, 0
-0.162282, 0.190754, 0.747046, 0, 0, 0.664772, 4.92482e-05, 8.4508e-05, -7.34454e-05, 8.4508e-05, 0.00023638, -0.000160302, -7.34454e-05, -0.000160302, 0.000197814, 0
-0.165868, 0.158709, 0.743713, 0, 0, 0.668499, 4.37427e-05, 7.89165e-05, -6.58465e-05, 7.89165e-05, 0.000242771, -0.000162324, -6.58465e-05, -0.000162324, 0.000202496, 0
-0.169836, 0.119717, 0.740361, 0, 0, 0.672209, 3.80588e-05, 7.24375e-05, -5.69778e-05, 7.24375e-05, 0.000253599, -0.000165419, -5.69778e-05, -0.000165419, 0.000211265, 0
-0.173905, 0.0753228, 0.736991, 0, 0, 0.675903, 3.26461e-05, 6.49924e-05, -4.69912e-05, 6.49924e-05, 0.000268012, -0.000169917, -4.69912e-05, -0.000169917, 0.000223142, 0
-0.177824, 0.0272929, 0.733602, 0, 0, 0.679579, 2.79013e-05, 5.64998e-05, -3.61182e-05, 5.64998e-05, 0.00028459, -0.000175963, -3.61182e-05, -0.000175963, 0.000236627, 0
-0.181384, -0.0224576, 0.730195, 0, 0, 0.683239, 2.41241e-05, 4.69654e-05, -2.46946e-05, 4.69654e-05, 0.00030162, -0.000183398, -2.46946e-05, -0.000183398, 0.000250049, 0
-0.184427, -0.0719414, 0.72677, 0, 0, 0.686881, 2.14793e-05, 3.65627e-05, -1.31572e-05, 3.65627e-05, 0.000317392, -0.000191747, -1.31572e-05, -0.000191747, 0.000261883, 0
-0.186858, -0.119179, 0.723326, 0, 0, 0.690506, 1.99735e-05, 2.56679e-05, -2.01468e-06, 2.56679e-05, 0.000330442, -0.000200325, -2.01468e-06, -0.000200325, 0.000270952, 0
-0.188644, -0.16228, 0.719865, 0, 0, 0.694114, 1.94537e-05, 1.48342e-05, 8.19333e-06, 1.48342e-05, 0.000339733, -0.000208422, 8.19333e-06, -0.000208422, 0.000276533, 0
-0.189814, -0.199517, 0.716385, 0, 0, 0.697705, 1.96346e-05, 4.71562e-06, 1.69495e-05, 4.71562e-06, 0.000344783, -0.000215468, 1.69495e-05, -0.000215468, 0.000278398, 0
-0.190454, -0.229398, 0.712888, 0, 0, 0.701278, 2.01539e-05, -4.03385e-06, 2.38121e-05, -4.03385e-06, 0.000345722, -0.000221142, 2.38121e-05, -0.000221142, 0.000276821, 0
-0.190698, -0.250726, 0.709372, 0, 0, 0.704834, 2.06434e-05, -1.08565e-05, 2.84619e-05, -1.08565e-05, 0.000343293, -0.000225391, 2.84619e-05, -0.000225391, 0.000272552, 0
-0.190715, -0.262645, 0.705839, 0, 0, 0.708372, 2.08034e-05, -1.5362e-05, 3.07225e-05, -1.5362e-05, 0.000338762, -0.000228386, 3.07225e-05, -0.000228386, 0.000266746, 0
-0.190697, -0.26468, 0.702289, 0, 0, 0.711892, 2.04604e-05, -1.73607e-05, 3.05524e-05, -1.73607e-05, 0.000333762, -0.000230444, 3.05524e-05, -0.000230444, 0.000260835, 0
-0.190845, -0.25675, 0.698721, 0, 0, 0.715395, 1.95996e-05, -1.68622e-05, 2.80112e-05, -1.68622e-05, 0.000330069, -0.000231947, 2.80112e-05, -0.000231947, 0.000256339, 0
-0.191347, -0.239176, 0.695135, 0, 0, 0.718879, 1.83666e-05, -1.40415e-05, 2.32155e-05, -1.40415e-05, 0.000329331, -0.000233292, 2.32155e-05, -0.000233292, 0.000254623, 0
-0.19237, -0.212667, 0.691532, 0, 0, 0.722346, 1.70433e-05, -9.18431e-06, 1.63072e-05, -9.18431e-06, 0.000332782, -0.000234892, 1.63072e-05, -0.000234892, 0.000256634, 0
-0.194042, -0.178287, 0.687911, 0, 0, 0.725795, 1.59994e-05, -2.6177e-06, 7.45512e-06, -2.6177e-06, 0.000341, -0.000237193, 7.45512e-06, -0.000237193, 0.000262675, 0
-0.196438, -0.137418, 0.684274, 0, 0, 0.729225, 1.56271e-05, 5.35632e-06, -3.11217e-06, 5.35632e-06, 0.000353775, -0.000240673, -3.11217e-06, -0.000240673, 0.000272306, 0
-0.199579, -0.0916998, 0.680619, 0, 0, 0.732637, 1.6265e-05, 1.45002e-05, -1.50618e-05, 1.45002e-05, 0.000370166, -0.000245752, -1.50618e-05, -0.000245752, 0.000284453, 0
-0.203416, -0.0429651, 0.676948, 0, 0, 0.736031, 1.81243e-05, 2.46312e-05, -2.79409e-05, 2.46312e-05, 0.000388715, -0.000252639, -2.79409e-05, -0.000252639, 0.000297669, 0
-0.207839, 0.00683539, 0.673259, 0, 0, 0.739407, 2.12362e-05, 3.55628e-05, -4.11972e-05, 3.55628e-05, 0.000407749, -0.000261202, -4.11972e-05, -0.000261202, 0.000310454, 0
-0.212673, 0.055711, 0.669554, 0, 0, 0.742764, 2.54317e-05, 4.70317e-05, -5.42255e-05, 4.70317e-05, 0.000425644, -0.000270953, -5.42255e-05, -0.000270953, 0.000321494, 0
-0.217688, 0.101712, 0.665831, 0, 0, 0.746102, 3.03547e-05, 5.86481e-05, -6.64126e-05, 5.86481e-05, 0.00044102, -0.000281164, -6.64126e-05, -0.000281164, 0.000329797, 0
-0.222608, 0.143009, 0.662093, 0, 0, 0.749422, 3.55042e-05, 6.98898e-05, -7.7174e-05, 6.98898e-05, 0.000452872, -0.000291051, -7.7174e-05, -0.000291051, 0.00033477, 0
-0.227128, 0.177963, 0.658337, 0, 0, 0.752723, 4.03013e-05, 8.01354e-05, -8.59874e-05, 8.01354e-05, 0.000460665, -0.000299942, -8.59874e-05, -0.000299942, 0.000336267, 0
-0.230926, 0.205197, 0.654565, 0, 0, 0.756005, 4.41706e-05, 8.87204e-05, -9.24255e-05, 8.87203e-05, 0.000464403, -0.000307389, -9.24255e-05, -0.000307389, 0.000334619, 0
-0.233687, 0.223644, 0.650777, 0, 0, 0.759269, 4.66278e-05, 9.4999e-05, -9.61824e-05, 9.4999e-05, 0.000464635, -0.000313205, -9.61824e-05, -0.000313205, 0.000330626, 0
-0.235118, 0.232594, 0.646973, 0, 0, 0.762513, 4.73574e-05, 9.83989e-05, -9.70867e-05, 9.83989e-05, 0.000462394, -0.000317435, -9.70867e-05, -0.000317435, 0.000325495, 0
-0.23497, 0.231722, 0.643152, 0, 0, 0.765738, 4.62675e-05, 9.84627e-05, -9.50914e-05, 9.84627e-05, 0.000459052, -0.000320298, -9.50914e-05, -0.000320298, 0.000320701, 0
-0.233052, 0.221094, 0.639315, 0, 0, 0.768945, 4.35118e-05, 9.488e-05, -9.02425e-05, 9.48799e-05, 0.000456103, -0.000322113, -9.02425e-05, -0.000322113, 0.000317783, 0
-0.229249, 0.201171, 0.635463, 0, 0, 0.772132, 3.94758e-05, 8.75135e-05, -8.26375e-05, 8.75135e-05, 0.000454897, -0.000323252, -8.26375e-05, -0.000323252, 0.000318079, 0
-0.223536, 0.172782, 0.631594, 0, 0, 0.775299, 3.47307e-05, 7.64252e-05, -7.23915e-05, 7.64252e-05, 0.000456365, -0.000324123, -7.23915e-05, -0.000324123, 0.000322428, 0
-0.215983, 0.137094, 0.62771, 0, 0, 0.778448, 2.99623e-05, 6.1895e-05, -5.96362e-05, 6.1895e-05, 0.000460796, -0.000325171, -5.96362e-05, -0.000325171, 0.000330944, 0
-0.206757, 0.0955612, 0.62381, 0, 0, 0.781576, 2.58817e-05, 4.44242e-05, -4.4562e-05, 4.44241e-05, 0.000467761, -0.000326841, -4.4562e-05, -0.000326842, 0.000342941, 0
-0.196126, 0.0498663, 0.619894, 0, 0, 0.784686, 2.31233e-05, 2.47168e-05, -2.74882e-05, 2.47168e-05, 0.000476219, -0.000329496, -2.74882e-05, -0.000329496, 0.000357092, 0
-0.184449, 0.00185098, 0.615963, 0, 0, 0.787775, 2.21415e-05, 3.64178e-06, -8.92851e-06, 3.64177e-06, 0.000484788, -0.000333286, -8.92852e-06, -0.000333286, 0.000371767, 0
-0.172161, -0.0465586, 0.612016, 0, 0, 0.790845, 2.31219e-05, -1.78151e-05, 1.03955e-05, -1.78151e-05, 0.000492081, -0.000338074, 1.03955e-05, -0.000338074, 0.000385391, 0
-0.159763, -0.0934302, 0.608054, 0, 0, 0.793895, 2.59304e-05, -3.86113e-05, 2.96007e-05, -3.86113e-05, 0.000496992, -0.000343474, 2.96007e-05, -0.000343474, 0.000396695, 0
-0.147798, -0.136903, 0.604077, 0, 0, 0.796926, 3.01219e-05, -5.77243e-05, 4.77295e-05, -5.77243e-05, 0.000498878, -0.000348986, 4.77295e-05, -0.000348986, 0.000404834, 0
-0.136827, -0.175262, 0.600085, 0, 0, 0.799936, 3.50104e-05, -7.42436e-05, 6.38553e-05, -7.42436e-05, 0.000497637, -0.000354169, 6.38553e-05, -0.000354169, 0.000409411, 0
-0.127402, -0.207008, 0.596078, 0, 0, 0.802927, 3.97922e-05, -8.74642e-05, 7.71802e-05, -8.74642e-05, 0.000493707, -0.000358768, 7.71803e-05, -0.000358768, 0.000410493, 0
-0.120045, -0.230914, 0.592056, 0, 0, 0.805897, 4.36938e-05, -9.69583e-05, 8.71084e-05, -9.69583e-05, 0.000488028, -0.000362767, 8.71084e-05, -0.000362767, 0.000408603, 0
-0.115212, -0.246075, 0.588019, 0, 0, 0.808847, 4.61152e-05, -0.000102609, 9.32836e-05, -0.000102609, 0.000481941, -0.000366369, 9.32836e-05, -0.000366369, 0.000404695, 0
-0.113277, -0.251942, 0.583968, 0, 0, 0.811777, 4.67359e-05, -0.000104592, 9.55854e-05, -0.000104592, 0.000477057, -0.000369925, 9.55854e-05, -0.000369925, 0.000400072, 0
-0.114503, -0.248344, 0.579901, 0, 0, 0.814687, 4.55649e-05, -0.000103319, 9.40873e-05, -0.000103319, 0.000475077, -0.000373853, 9.40873e-05, -0.000373853, 0.000396241, 0
-0.119031, -0.235487, 0.575821, 0, 0, 0.817576, 4.29272e-05, -9.93316e-05, 8.89979e-05, -9.93316e-05, 0.000477572, -0.000378572, 8.89979e-05, -0.000378572, 0.000394694, 0
-0.126858, -0.213949, 0.571726, 0, 0, 0.820445, 3.93918e-05, -9.31866e-05, 8.061e-05, -9.31866e-05, 0.000485746, -0.000384476, 8.061e-05, -0.000384476, 0.000396638, 0
-0.137839, -0.184651, 0.567616, 0, 0, 0.823293, 3.56581e-05, -8.53357e-05, 6.92825e-05, -8.53357e-05, 0.000500217, -0.000391943, 6.92825e-05, -0.000391943, 0.000402726, 0
-0.151678, -0.148818, 0.563493, 0, 0, 0.826121, 3.24212e-05, -7.60385e-05, 5.54553e-05, -7.60385e-05, 0.000520873, -0.000401323, 5.54553e-05, -0.000401323, 0.000412869, 0
-0.167943, -0.107929, 0.559355, 0, 0, 0.828928, 3.02457e-05, -6.53443e-05, 3.96699e-05, -6.53444e-05, 0.000546869, -0.000412865, 3.96699e-05, -0.000412865, 0.000426229, 0
-0.18607, -0.063651, 0.555203, 0, 0, 0.831715, 2.94747e-05, -5.31616e-05, 2.25669e-05, -5.31616e-05, 0.00057676, -0.000426582, 2.25669e-05, -0.000426582, 0.000441399, 0
-0.205388, -0.017777, 0.551038, 0, 0, 0.83448, 3.01917e-05, -3.9395e-05, 4.85082e-06, -3.9395e-05, 0.000608706, -0.000442134, 4.85083e-06, -0.000442134, 0.000456718, 0
-0.225144, 0.0278527, 0.546859, 0, 0, 0.837225, 3.22299e-05, -2.40972e-05, -1.27553e-05, -2.40972e-05, 0.000640704, -0.000458806, -1.27553e-05, -0.000458806, 0.000470585, 0
-0.244527, 0.0714231, 0.542666, 0, 0, 0.839949, 3.5216e-05, -7.58172e-06, -2.95375e-05, -7.58173e-06, 0.000670787, -0.000475622, -2.95375e-05, -0.000475622, 0.000481694, 0
-0.262709, 0.111217, 0.538459, 0, 0, 0.842652, 3.86333e-05, 9.53055e-06, -4.48053e-05, 9.53055e-06, 0.000697204, -0.000491536, -4.48053e-05, -0.000491536, 0.000489184, 0
-0.278876, 0.145684, 0.534239, 0, 0, 0.845333, 4.19e-05, 2.63346e-05, -5.79066e-05, 2.63346e-05, 0.000718588, -0.000505623, -5.79066e-05, -0.000505623, 0.000492716, 0
-0.292265, 0.173502, 0.530006, 0, 0, 0.847994, 4.44587e-05, 4.17195e-05, -6.82549e-05, 4.17195e-05, 0.000734075, -0.000517203, -6.82549e-05, -0.000517203, 0.000492501, 0
-0.302199, 0.193625, 0.525759, 0, 0, 0.850633, 4.58712e-05, 5.44815e-05, -7.53662e-05, 5.44815e-05, 0.000743363, -0.000525888, -7.53662e-05, -0.000525888, 0.000489264, 0
-0.308124, 0.20533, 0.5215, 0, 0, 0.853251, 4.59048e-05, 6.34492e-05, -7.88927e-05, 6.34492e-05, 0.000746696, -0.000531559, -7.88927e-05, -0.000531559, 0.000484163, 0
-0.309631, 0.208234, 0.517227, 0, 0, 0.855848, 4.45938e-05, 6.76043e-05, -7.86394e-05, 6.76043e-05, 0.00074478, -0.000534297, -7.86394e-05, -0.000534297, 0.000478648, 0
-0.306483, 0.202313, 0.512941, 0, 0, 0.858424, 4.22578e-05, 6.61924e-05, -7.45584e-05, 6.61924e-05, 0.000738638, -0.000534311, -7.45584e-05, -0.000534311, 0.00047427, 0
-0.298634, 0.187896, 0.508643, 0, 0, 0.860978, 3.94664e-05, 5.88214e-05, -6.67237e-05, 5.88214e-05, 0.000729417, -0.000531877, -6.67237e-05, -0.000531877, 0.000472434, 0
-0.286231, 0.165649, 0.504332, 0, 0, 0.86351, 3.69506e-05, 4.55448e-05, -5.52988e-05, 4.55447e-05, 0.000718177, -0.00052732, -5.52988e-05, -0.00052732, 0.000474126, 0
-0.269621, 0.136543, 0.500008, 0, 0, 0.866021, 3.54759e-05, 2.69168e-05, -4.05176e-05, 2.69167e-05, 0.00070569, -0.000521028, -4.05176e-05, -0.000521028, 0.000479663, 0
-0.24934, 0.101816, 0.495671, 0, 0, 0.86851, 3.57026e-05, 3.98968e-06, -2.27022e-05, 3.98966e-06, 0.000692321, -0.00051347, -2.27022e-05, -0.00051347, 0.000488566, 0
-0.226096, 0.062915, 0.491323, 0, 0, 0.870978, 3.80627e-05, -2.17719e-05, -2.31764e-06, -2.17719e-05, 0.00067803, -0.000505186, -2.31763e-06, -0.000505186, 0.000499649, 0
-0.200747, 0.0214375, 0.486962, 0, 0, 0.873423, 4.26737e-05, -4.86597e-05, 1.99575e-05, -4.86597e-05, 0.000662526, -0.000496707, 1.99575e-05, -0.000496707, 0.000511323, 0
-0.174266, -0.020935, 0.482588, 0, 0, 0.875847, 4.92996e-05, -7.4937e-05, 4.32029e-05, -7.4937e-05, 0.000645511, -0.00048846, 4.32029e-05, -0.00048846, 0.000521989, 0
-0.147704, -0.0625046, 0.478203, 0, 0, 0.878249, 5.73652e-05, -9.90421e-05, 6.63026e-05, -9.90421e-05, 0.000626917, -0.000480711, 6.63026e-05, -0.000480711, 0.000530358, 0
-0.122151, -0.101628, 0.473806, 0, 0, 0.880629, 6.60271e-05, -0.000119742, 8.80612e-05, -0.000119742, 0.000607043, -0.000473591, 8.80612e-05, -0.000473591, 0.000535599, 0
-0.0986874, -0.136779, 0.469397, 0, 0, 0.882987, 7.42975e-05, -0.000136215, 0.000107347, -0.000136215, 0.000586578, -0.000467188, 0.000107347, -0.000467188, 0.000537347, 0
-0.0783387, -0.166614, 0.464976, 0, 0, 0.885323, 8.12029e-05, -0.000148078, 0.000123219, -0.000148078, 0.000566536, -0.000461644, 0.000123219, -0.000461644, 0.000535665, 0
-0.062032, -0.190016, 0.460544, 0, 0, 0.887637, 8.59501e-05, -0.000155361, 0.000135013, -0.000155361, 0.000548149, -0.000457205, 0.000135013, -0.000457205, 0.000531015, 0
-0.0505525, -0.206144, 0.4561, 0, 0, 0.889929, 8.80653e-05, -0.000158442, 0.000142374, -0.000158443, 0.00053277, -0.000454215, 0.000142374, -0.000454215, 0.000524237, 0
-0.044508, -0.214459, 0.451645, 0, 0, 0.892198, 8.74797e-05, -0.000157957, 0.000145241, -0.000157957, 0.000521767, -0.00045307, 0.000145241, -0.00045307, 0.000516512, 0
-0.0442971, -0.214743, 0.447178, 0, 0, 0.894445, 8.45428e-05, -0.000154683, 0.000143787, -0.000154683, 0.000516434, -0.000454143, 0.000143787, -0.000454143, 0.000509259, 0
-0.0500878, -0.207103, 0.4427, 0, 0, 0.89667, 7.99587e-05, -0.000149418, 0.000138337, -0.000149418, 0.000517878, -0.00045773, 0.000138337, -0.00045773, 0.000503964, 0
-0.0618042, -0.191962, 0.438211, 0, 0, 0.898872, 7.46521e-05, -0.000142846, 0.000129303, -0.000142846, 0.000526884, -0.000464028, 0.000129303, -0.000464028, 0.000501937, 0
-0.0791231, -0.170038, 0.433711, 0, 0, 0.901052, 6.95877e-05, -0.000135416, 0.00011715, -0.000135416, 0.000543778, -0.000473142, 0.00011715, -0.000473142, 0.000504035, 0
-0.101482, -0.142309, 0.429201, 0, 0, 0.903209, 6.55787e-05, -0.000127265, 0.000102403, -0.000127265, 0.000568311, -0.00048509, 0.000102403, -0.00048509, 0.000510423, 0
-0.128095, -0.109971, 0.424679, 0, 0, 0.905344, 6.3133e-05, -0.000118213, 8.5666e-05, -0.000118213, 0.000599616, -0.000499763, 8.5666e-05, -0.000499763, 0.000520477, 0
-0.157983, -0.0743844, 0.420147, 0, 0, 0.907456, 6.23793e-05, -0.000107864, 6.76171e-05, -0.000107864, 0.000636263, -0.000516845, 6.76171e-05, -0.000516845, 0.000532886, 0
-0.190007, -0.0370192, 0.415605, 0, 0, 0.909545, 6.30911e-05, -9.57818e-05, 4.89658e-05, -9.57818e-05, 0.000676379, -0.000535726, 4.89658e-05, -0.000535726, 0.00054593, 0
-0.222915, 0.000608187, 0.411052, 0, 0, 0.911612, 6.47834e-05, -8.16961e-05, 3.04095e-05, -8.16961e-05, 0.000717814, -0.000555492, 3.04095e-05, -0.000555492, 0.000557843, 0
-0.255387, 0.0369976, 0.406489, 0, 0, 0.913656, 6.68403e-05, -6.56623e-05, 1.26116e-05, -6.56623e-05, 0.000758312, -0.000575025, 1.26117e-05, -0.000575025, 0.00056712, 0
-0.286094, 0.0707233, 0.401916, 0, 0, 0.915677, 6.86344e-05, -4.81434e-05, -3.80003e-06, -4.81434e-05, 0.000795681, -0.000593169, -3.80002e-06, -0.000593169, 0.000572738, 0
-0.313748, 0.100492, 0.397332, 0, 0, 0.917675, 6.96247e-05, -2.99962e-05, -1.82331e-05, -2.99962e-05, 0.000827947, -0.000608891, -1.82331e-05, -0.000608891, 0.000574254, 0
-0.337159, 0.125194, 0.392739, 0, 0, 0.91965, 6.94324e-05, -1.23798e-05, -3.01476e-05, -1.23798e-05, 0.000853489, -0.000621398, -3.01476e-05, -0.000621398, 0.000571808, 0
-0.355286, 0.143941, 0.388136, 0, 0, 0.921602, 6.78994e-05, 3.38551e-06, -3.90902e-05, 3.38552e-06, 0.000871131, -0.000630169, -3.90902e-05, -0.000630169, 0.000566071, 0
-0.367282, 0.156102, 0.383523, 0, 0, 0.923531, 6.51329e-05, 1.59769e-05, -4.47316e-05, 1.59769e-05, 0.000880192, -0.000634941, -4.47316e-05, -0.000634941, 0.00055814, 0
-0.372536, 0.161323, 0.3789, 0, 0, 0.925437, 6.15228e-05, 2.42189e-05, -4.68903e-05, 2.42189e-05, 0.000880505, -0.000635658, -4.68903e-05, -0.000635658, 0.000549408, 0
-0.370698, 0.159533, 0.374269, 0, 0, 0.92732, 5.77186e-05, 2.72166e-05, -4.55368e-05, 2.72166e-05, 0.00087239, -0.000632405, -4.55368e-05, -0.000632405, 0.000541385, 0
-0.361704, 0.150946, 0.369627, 0, 0, 0.92918, 5.45475e-05, 2.44686e-05, -4.07771e-05, 2.44686e-05, 0.00085658, -0.000625364, -4.07771e-05, -0.000625364, 0.000535494, 0
-0.34578, 0.136046, 0.364977, 0, 0, 0.931017, 5.28732e-05, 1.59588e-05, -3.2821e-05, 1.59588e-05, 0.00083411, -0.00061479, -3.2821e-05, -0.00061479, 0.000532815, 0
-0.323441, 0.115557, 0.360317, 0, 0, 0.93283, 5.34132e-05, 2.21748e-06, -2.19514e-05, 2.21747e-06, 0.000806181, -0.000601024, -2.19514e-05, -0.000601024, 0.000533835, 0
-0.295472, 0.0904154, 0.355648, 0, 0, 0.93462, 5.65604e-05, -1.56792e-05, -8.51164e-06, -1.56792e-05, 0.000774024, -0.000584536, -8.51162e-06, -0.000584536, 0.000538279, 0
-0.262904, 0.0617233, 0.350971, 0, 0, 0.936386, 6.2267e-05, -3.62018e-05, 7.0715e-06, -3.62018e-05, 0.000738808, -0.000565964, 7.07152e-06, -0.000565964, 0.00054512, 0
-0.226973, 0.0307011, 0.346285, 0, 0, 0.938129, 7.00348e-05, -5.75653e-05, 2.42374e-05, -5.75654e-05, 0.000701613, -0.000546106, 2.42374e-05, -0.000546106, 0.000552819, 0
-0.189075, -0.00136385, 0.34159, 0, 0, 0.939849, 7.90092e-05, -7.79976e-05, 4.22518e-05, -7.79977e-05, 0.000663464, -0.000525846, 4.22518e-05, -0.000525846, 0.000559731, 0
-0.150708, -0.0331725, 0.336886, 0, 0, 0.941545, 8.81419e-05, -9.60023e-05, 6.02208e-05, -9.60023e-05, 0.000625397, -0.000506049, 6.02209e-05, -0.000506049, 0.000564492, 0
-0.113416, -0.0634657, 0.332174, 0, 0, 0.943218, 9.63646e-05, -0.000110538, 7.71765e-05, -0.000110538, 0.000588503, -0.00048747, 7.71765e-05, -0.00048747, 0.000566248, 0
-0.0787252, -0.0910753, 0.327454, 0, 0, 0.944867, 0.000102745, -0.000121085, 9.21979e-05, -0.000121085, 0.000553926, -0.000470731, 9.21979e-05, -0.000470731, 0.000564682, 0
-0.0480775, -0.11497, 0.322726, 0, 0, 0.946493, 0.00010661, -0.000127607, 0.000104527, -0.000127607, 0.000522816, -0.000456339, 0.000104527, -0.000456339, 0.00055993, 0
-0.0227755, -0.134294, 0.317989, 0, 0, 0.948094, 0.000107626, -0.000130456, 0.000113645, -0.000130456, 0.000496272, -0.000444725, 0.000113645, -0.000444725, 0.000552489, 0
-0.00392333, -0.148395, 0.313245, 0, 0, 0.949672, 0.000105853, -0.00013025, 0.000119306, -0.00013025, 0.000475298, -0.000436265, 0.000119306, -0.000436265, 0.000543155, 0
0.00762084, -0.156851, 0.308493, 0, 0, 0.951227, 0.000101746, -0.000127752, 0.00012151, -0.000127752, 0.000460774, -0.000431276, 0.00012151, -0.000431276, 0.000532989, 0
0.0112831, -0.159478, 0.303733, 0, 0, 0.952757, 9.61131e-05, -0.000123759, 0.00012045, -0.000123759, 0.000453442, -0.000429993, 0.00012045, -0.000429993, 0.000523264, 0
0.0068017, -0.156331, 0.298965, 0, 0, 0.954264, 9.00176e-05, -0.000119005, 0.000116431, -0.000119005, 0.000453886, -0.000432541, 0.000116431, -0.000432541, 0.000515349, 0
0.0068017, -0.156331, 0.298965, 0, 0, 0.954264, 9.00176e-05, -0.000119005, 0.000116431, -0.000119005, 0.000453886, -0.000432541, 0.000116431, -0.000432541, 0.000515349, 0
0.0068017, -0.156331, 0.298965, 0, 0, 0.954264, 9.00176e-05, -0.000119005, 0.000116431, -0.000119005, 0.000453886, -0.000432541, 0.000116431, -0.000432541, 0.000515349, 0
0.0068017, -0.156331, 0.298965, 0, 0, 0.954264, 9.00176e-05, -0.000119005, 0.000116431, -0.000119005, 0.000453886, -0.000432541, 0.000116431, -0.000432541, 0.000515349, 0
0.0068017, -0.156331, 0.298965, 0, 0, 0.954264, 9.00176e-05, -0.000119005, 0.000116431, -0.000119005, 0.000453886, -0.000432541, 0.000116431, -0.000432541, 0.000515349, 0
0.0068017, -0.156331, 0.298965, 0, 0, 0.954264, 9.00176e-05, -0.000119005, 0.000116431, -0.000119005, 0.000453886, -0.000432541, 0.000116431, -0.000432541, 0.000515349, 0
0.0068017, -0.156331, 0.298965, 0, 0, 0.954264, 9.00176e-05, -0.000119005, 0.000116431, -0.000119005, 0.000453886, -0.000432541, 0.000116431, -0.000432541, 0.000515349, 0
0.0068017, -0.156331, 0.298965, 0, 0, 0.954264, 9.00176e-05, -0.000119005, 0.000116431, -0.000119005, 0.000453886, -0.000432541, 0.000116431, -0.000432541, 0.000515349, 0
0.0068017, -0.156331, 0.298965, 0, 0, 0.954264, 9.00176e-05, -0.000119005, 0.000116431, -0.000119005, 0.000453886, -0.000432541, 0.000116431, -0.000432541, 0.000515349, 0
0.0068017, -0.156331, 0.298965, 0, 0, 0.954264, 9.00176e-05, -0.000119005, 0.000116431, -0.000119005, 0.000453886, -0.000432541, 0.000116431, -0.000432541, 0.000515349, 0
0.0068017, -0.156331, 0.298965, 0, 0, 0.954264, 9.00176e-05, -0.000119005, 0.000116431, -0.000119005, 0.000453886, -0.000432541, 0.000116431, -0.000432541, 0.000515349, 0
0.0068017, -0.156331, 0.298965, 0, 0, 0.954264, 9.00176e-05, -0.000119005, 0.000116431, -0.000119005, 0.000453886, -0.000432541, 0.000116431, -0.000432541, 0.000515349, 0
0.0068017, -0.156331, 0.298965, 0, 0, 0.954264, 9.00176e-05, -0.000119005, 0.000116431, -0.000119005, 0.000453886, -0.000432541, 0.000116431, -0.000432541, 0.000515349, 0
0.0068017, -0.156331, 0.298965, 0, 0, 0.954264, 9.00176e-05, -0.000119005, 0.000116431, -0.000119005, 0.000453886, -0.000432541, 0.000116431, -0.000432541, 0.000515349, 0
0.0068017, -0.156331, 0.298965, 0, 0, 0.954264, 9.00176e-05, -0.000119005, 0.000116431, -0.000119005, 0.000453886, -0.000432541, 0.000116431, -0.000432541, 0.000515349, 0
0.0068017, -0.156331, 0.298965, 0, 0, 0.954264, 9.00176e-05, -0.000119005, 0.000116431, -0.000119005, 0.000453886, -0.000432541, 0.000116431, -0.000432541, 0.000515349, 0
