0, 0, 0, 0, 0, 1
0, 0, 0, 0, 0, 1
0, 0, 0, 0, 0, 1
0, 0, 0, 0, 0, 1
0, 0, 0, 0, 0, 1
0, 0, 0, 0, 0, 1
0, 0, 0, 0, 0, 1
0, 0, 0, 0, 0, 1
0, 0, 0, 0, 0, 1
0, 0, 0, 0, 0, 1
0, 0, 0, 0, 0, 1
0, 0, 0, 0, 0, 1
0, 0, 0, 0, 0, 1
0, 0, 0, 0, 0, 1
0, 0, 0, 0, 0, 1
0, 0, 0, 0, 0, 1
0, 0, 0, 0, 0, 1
0, 0, 0, 0, 0, 1
0, 0, 0, 0, 0, 1
0, 0, 0, 0, 0, 1
0, 0, 0, 0, 0, 1
0, 0, 0, 0, 0, 1
0, 0, 0, 0, 0, 1
0, 0, 0, 0, 0, 1
0, 0, 0, 0, 0, 1
0, 0, 0, 0, 0, 1
0, 0, 0, 0, 0, 1
0, 0, 0, 0, 0, 1
0, 0, 0, 0, 0, 1
0, 0, 0, 0, 0, 1
0, 0, 0, 0, 0, 1
0, 0, 0, 0, 0, 1
0, 0, 0, 0, 0, 1
0, 0, 0, 0, 0, 1
0, 0, 0, 0, 0, 1
0, 0, 0, 0, 0, 1
0, 0, 0, 0, 0, 1
0, 0, 0, 0, 0, 1
0, 0, 0, 0, 0, 1
0, 0, 0, 0, 0, 1
0, 0, 0, 0, 0, 1
0, 0, 0, 0, 0, 1
0, 0, 0, 0, 0, 1
0, 0, 0, 0, 0, 1
0, 0, 0, 0, 0, 1
0, 0, 0, 0, 0, 1
0, 0, 0, 0, 0, 1
0, 0, 0, 0, 0, 1
0, 0, 0, 0, 0, 1
0, 0, 0, 0, 0, 1
0, 0, 0, 0, 0, 1
0, 0, 0, 0, 0, 1
0, 0, 0, 0, 0, 1
0, 0, 0, 0, 0, 1
0, 0, 0, 0, 0, 1
0, 0, 0, 0, 0, 1
0, 0, 0, 0, 0, 1
0, 0, 0, 0, 0, 1
0, 0, 0, 0, 0, 1
0, 0, 0, 0, 0, 1
0, 0, 0, 0, 0, 1
0, 0, 0, 0, 0, 1
0, 0, 0, 0, 0, 1
0, 0, 0, 0, 0, 1
0, 0, 0, 0, 0, 1
0, 0, 0, 0, 0, 1
0, 0, 0, 0, 0, 1
0, 0, 0, 0, 0, 1
0, 0, 0, 0, 0, 1
0, 0, 0, 0, 0, 1
0, 0, 0, 0, 0, 1
0, 0, 0, 0, 0, 1
0, 0, 0, 0, 0, 1
0, 0, 0, 0, 0, 1
0, 0, 0, 0, 0, 1
0, 0, 0, 0, 0, 1
0, 0, 0, 0, 0, 1
0, 0, 0, 0, 0, 1
0, 0, 0, 0, 0, 1
0, 0, 0, 0, 0, 1
0, 0, 0, 0, 0, 1
0, 0, 0, 0, 0, 1
0, 0, 0, 0, 0, 1
0, 0, 0, 0, 0, 1
0, 0, 0, 0, 0, 1
0, 0, 0, 0, 0, 1
0, 0, 0, 0, 0, 1
0, 0, 0, 0, 0, 1
0, 0, 0, 0, 0, 1
0, 0, 0, 0, 0, 1
0, 0, 0, 0, 0, 1
0, 0, 0, 0, 0, 1
0, 0, 0, 0, 0, 1
0, 0, 0, 0, 0, 1
0, 0, 0, 0, 0, 1
0, 0, 0, 0, 0, 1
0, 0, 0, 0, 0, 1
0, 0, 0, 0, 0, 1
0, 0, 0, 0, 0, 1
0, 0, 0, 0, 0, 1
0, 0, 0, 0, 0, 1
0, 0, 0, 0, 0, 1
0, 0, 0, 0, 0, 1
0, 0, 0, 0, 0, 1
0, 0, 0, 0, 0, 1
0, 0, 0, 0, 0, 1
0, 0, 0, 0, 0, 1
0, 0, 0, 0, 0, 1
0, 0, 0, 0, 0, 1
0, 0, 0, 0, 0, 1
0, 0, 0, 0, 0, 1
0, 0, 0, 0, 0, 1
0, 0, 0, 0, 0, 1
0, 0, 0, 0, 0, 1
0, 0, 0, 0, 0, 1
0, 0, 0, 0, 0, 1
0, 0, 0, 0, 0, 1
0, 0, 0, 0, 0, 1
0, 0, 0, 0, 0, 1
0, 0, 0, 0, 0, 1
0, 0, 0, 0, 0, 1
0, 0, 0, 0, 0, 1
0, 0, 0, 0, 0, 1
0, 0, 0, 0, 0, 1
0, 0, 0, 0, 0, 1
0, 0, 0, 0, 0, 1
0, 0, 0, 0, 0, 1
0, 0, 0, 0, 0, 1
0, 0, 0, 0, 0, 1
0, 0, 0, 0, 0, 1
0, 0, 0, 0, 0, 1
0, 0, 0, 0, 0, 1
0, 0, 0, 0, 0, 1
0, 0, 0, 0, 0, 1
0, 0, 0, 0, 0, 1
0, 0, 0, 0, 0, 1
0, 0, 0, 0, 0, 1
0, 0, 0, 0, 0, 1
0, 0, 0, 0, 0, 1
0, 0, 0, 0, 0, 1
0, 0, 0, 0, 0, 1
0, 0, 0, 0, 0, 1
0, 0, 0, 0, 0, 1
0, 0, 0, 0, 0, 1
0, 0, 0, 0, 0, 1
0, 0, 0, 0, 0, 1
0, 0, 0, 0, 0, 1
0, 0, 0, 0, 0, 1
0, 0, 0, 0, 0, 1
0, 0, 0, 0, 0, 1
0, 0, 0, 0, 0, 1
0, 0, 0, 0, 0, 1
0, 0, 0, 0, 0, 1
0, 0, 0, 0, 0, 1
0, 0, 0, 0, 0, 1
0, 0, 0, 0, 0, 1
0, 0, 0, 0, 0, 1
0, 0, 0, 0, 0, 1
0, 0, 0, 0, 0, 1
0, 0, 0, 0, 0, 1
0, 0, 0, 0, 0, 1
0, 0, 0, 0, 0, 1
0, 0, 0, 0, 0, 1
0, 0, 0, 0, 0, 1
0, 0, 0, 0, 0, 1
0, 0, 0, 0, 0, 1
0, 0, 0, 0, 0, 1
0, 0, 0, 0, 0, 1
0, 0, 0, 0, 0, 1
0, 0, 0, 0, 0, 1
0, 0, 0, 0, 0, 1
0, 0, 0, 0, 0, 1
0, 0, 0, 0, 0, 1
0, 0, 0, 0, 0, 1
0, 0, 0, 0, 0, 1
0, 0, 0, 0, 0, 1
0, 0, 0, 0, 0, 1
0, 0, 0, 0, 0, 1
0, 0, 0, 0, 0, 1
0, 0, 0, 0, 0, 1
0, 0, 0, 0, 0, 1
0, 0, 0, 0, 0, 1
0, 0, 0, 0, 0, 1
0, 0, 0, 0, 0, 1
0, 0, 0, 0, 0, 1
0, 0, 0, 0, 0, 1
0, 0, 0, 0, 0, 1
0, 0, 0, 0, 0, 1
0, 0, 0, 0, 0, 1
0, 0, 0, 0, 0, 1
0, 0, 0, 0, 0, 1
0, 0, 0, 0, 0, 1
0, 0, 0, 0, 0, 1
0, 0, 0, 0, 0, 1
0, 0, 0, 0, 0, 1
0, 0, 0, 0, 0, 1
0, 0, 0, 0, 0, 1
0, 0, 0, 0, 0, 1
0, 0, 0, 0, 0, 1
0, 0, 0, 0, 0, 1
0, 0, 0, 0, 0, 1
0, 0, 0, 0, 0, 1
0, 0, 0, 0, 0, 1
0, 0, 0, 0, 0, 1
0, 0, 0, 0, 0, 1
0, 0, 0, 0, 0, 1
0, 0, 0, 0, 0, 1
0, 0, 0, 0, 0, 1
0, 0, 0, 0, 0, 1
0, 0, 0, 0, 0, 1
0, 0, 0, 0, 0, 1
0, 0, 0, 0, 0, 1
0, 0, 0, 0, 0, 1
0, 0, 0, 0, 0, 1
0, 0, 0, 0, 0, 1
0, 0, 0, 0, 0, 1
0, 0, 0, 0, 0, 1
0, 0, 0, 0, 0, 1
0, 0, 0, 0, 0, 1
0, 0, 0, 0, 0, 1
0, 0, 0, 0, 0, 1
0, 0, 0, 0, 0, 1
0, 0, 0, 0, 0, 1
0, 0, 0, 0, 0, 1
0, 0, 0, 0, 0, 1
0, 0, 0, 0, 0, 1
0, 0, 0, 0, 0, 1
0, 0, 0, 0, 0, 1
0, 0, 0, 0, 0, 1
0, 0, 0, 0, 8.72665e-05, 1
0, 0, 0, 0, 8.72665e-05, 1
0, 0, 0, 0, 8.72665e-05, 1
0, 0, 0, 0, 8.72665e-05, 1
0, 0, 0, 0, 8.72665e-05, 1
-0.00021323, -3.72157e-08, 0, 0, 8.72665e-05, 1
-0.00545869, -9.52722e-07, 0, 0, 8.72665e-05, 1
-0.0127938, -2.23294e-06, 0, 0, 0.000174533, 1
-0.0193613, -4.52543e-06, 0, 0, 8.72665e-05, 1
-0.0243509, -5.39628e-06, 0, 0, -0.000436332, 1
-0.0289993, -1.33977e-06, 0, 0, -0.00139626, 0.999999
-0.0361638, 1.86674e-05, 0, 0, -0.00183259, 0.999998
-0.0437121, 4.63335e-05, 0, 0, -0.00183259, 0.999998
-0.0490002, 6.57153e-05, 0, 0, -0.00183259, 0.999998
-0.0548427, 8.71292e-05, 0, 0, -0.00174533, 0.999998
-0.0620498, 0.000112287, 0, 0, -0.00174533, 0.999998
-0.0708775, 0.000143101, 0, 0, -0.00165806, 0.999999
-0.0791934, 0.000170678, 0, 0, -0.00139626, 0.999999
-0.0867417, 0.000191757, 0, 0, -0.00113446, 0.999999
-0.0941195, 0.000208497, 0, 0, -0.000610865, 1
-0.101455, 0.000217458, 0, 0, -8.72665e-05, 1
-0.1096, 0.00021888, 0, 0, 0.000349066, 1
-0.117959, 0.000213045, 0, 0, 0.000872665, 1
-0.126061, 0.000198903, 0, 0, 0.001309, 0.999999
-0.133823, 0.000178583, 0, 0, 0.00183259, 0.999998
-0.141499, 0.000150448, 0, 0, 0.00261799, 0.999997
-0.149644, 0.000107799, 0, 0, 0.00314159, 0.999995
-0.158003, 5.52804e-05, 0, 0, 0.00392698, 0.999992
-0.166276, -9.6975e-06, 0, 0, 0.00471237, 0.999989
-0.174378, -8.6063e-05, 0, 0, 0.0051487, 0.999987
-0.182395, -0.000168621, 0, 0, 0.00549776, 0.999985
-0.190156, -0.000253962, 0, 0, 0.00584682, 0.999983
-0.198045, -0.000346218, 0, 0, 0.00637041, 0.99998
-0.206105, -0.000448908, 0, 0, 0.00680673, 0.999977
-0.214122, -0.000558051, 0, 0, 0.006894, 0.999976
-0.222224, -0.000669769, 0, 0, 0.006894, 0.999976
-0.229601, -0.000771491, 0, 0, 0.00715579, 0.999974
-0.236722, -0.000873414, 0, 0, 0.00741758, 0.999972
-0.244141, -0.000983494, 0, 0, 0.00776664, 0.99997
-0.251817, -0.00110273, 0, 0, 0.00846475, 0.999964
-0.259279, -0.00122907, 0, 0, 0.00907559, 0.999959
-0.266058, -0.00135214, 0, 0, 0.00933738, 0.999956
-0.272412, -0.0014708, 0, 0, 0.00959916, 0.999954
-0.278807, -0.00159361, 0, 0, 0.00994821, 0.999951
-0.285629, -0.00172936, 0, 0, 0.0107336, 0.999942
-0.292408, -0.00187491, 0, 0, 0.0108208, 0.999941
-0.29825, -0.00200135, 0, 0, 0.0108208, 0.999941
-0.303409, -0.00211302, 0, 0, 0.0111699, 0.999938
-0.30861, -0.00222924, 0, 0, 0.011868, 0.99993
-0.314366, -0.00236588, 0, 0, 0.0130023, 0.999915
-0.320206, -0.0025178, 0, 0, 0.0135259, 0.999909
-0.324597, -0.00263662, 0, 0, 0.0137877, 0.999905
-0.328562, -0.00274597, 0, 0, 0.0140494, 0.999901
-0.332356, -0.00285261, 0, 0, 0.0144857, 0.999895
-0.336789, -0.00298109, 0, 0, 0.0154455, 0.999881
-0.341179, -0.00311677, 0, 0, 0.0158818, 0.999874
-0.343439, -0.00318855, 0, 0, 0.0159691, 0.999872
-0.345442, -0.00325256, 0, 0, 0.0159691, 0.999872
-0.347786, -0.00332746, 0, 0, 0.0162308, 0.999868
-0.351111, -0.00343543, 0, 0, 0.0171906, 0.999852
-0.35435, -0.00354684, 0, 0, 0.0174524, 0.999848
-0.355671, -0.00359298, 0, 0, 0.0175397, 0.999846
-0.355799, -0.00359747, 0, 0, 0.0178014, 0.999842
-0.356353, -0.0036172, 0, 0, 0.0191974, 0.999816
-0.357759, -0.00367123, 0, 0, 0.0200699, 0.999799
-0.359507, -0.0037414, 0, 0, 0.0205934, 0.999788
-0.358782, -0.00371154, 0, 0, 0.0207679, 0.999784
-0.358015, -0.00367967, 0, 0, 0.0207679, 0.999784
-0.357206, -0.00364602, 0, 0, 0.0212914, 0.999773
-0.35695, -0.00363512, 0, 0, 0.0221639, 0.999754
-0.356822, -0.00362945, 0, 0, 0.0227746, 0.999741
-0.354436, -0.0035207, 0, 0, 0.0231236, 0.999733
-0.351966, -0.00340634, 0, 0, 0.0232108, 0.999731
-0.349708, -0.00330145, 0, 0, 0.0237342, 0.999718
-0.34826, -0.00323264, 0, 0, 0.0244322, 0.999701
-0.346982, -0.00317014, 0, 0, 0.0246067, 0.999697
-0.342722, -0.00296033, 0, 0, 0.0244322, 0.999701
-0.33842, -0.00274992, 0, 0, 0.0246067, 0.999697
-0.334501, -0.0025569, 0, 0, 0.025828, 0.999666
-0.33152, -0.00240274, 0, 0, 0.0267004, 0.999643
-0.328837, -0.00225932, 0, 0, 0.027311, 0.999627
-0.323387, -0.00196127, 0, 0, 0.0275727, 0.99962
-0.317553, -0.0016392, 0, 0, 0.0275727, 0.99962
-0.312145, -0.00134065, 0, 0, 0.0276599, 0.999617
-0.307461, -0.00108124, 0, 0, 0.0279216, 0.99961
-0.303374, -0.000852702, 0, 0, 0.0282706, 0.9996
-0.297541, -0.000522492, 0, 0, 0.028445, 0.999595
-0.290643, -0.000129617, 0, 0, 0.028445, 0.999595
-0.283916, 0.000253558, 0, 0, 0.0286195, 0.99959
-0.277913, 0.0005976, 0, 0, 0.0291429, 0.999575
-0.272463, 0.000915629, 0, 0, 0.0301024, 0.999547
-0.265482, 0.00133651, 0, 0, 0.0308002, 0.999526
-0.257948, 0.00180127, 0, 0, 0.0313235, 0.999509
-0.250244, 0.0022846, 0, 0, 0.0314108, 0.999507
-0.243136, 0.00273179, 0, 0, 0.031498, 0.999504
-0.23671, 0.00313725, 0, 0, 0.0318469, 0.999493
-0.229219, 0.00361507, 0, 0, 0.0321958, 0.999482
-0.221091, 0.0041393, 0, 0, 0.0323702, 0.999476
-0.212792, 0.00467739, 0, 0, 0.0325446, 0.99947
-0.205217, 0.00517123, 0, 0, 0.033068, 0.999453
-0.197941, 0.00565326, 0, 0, 0.0337657, 0.99943
-0.19041, 0.00616272, 0, 0, 0.0345506, 0.999403
-0.181943, 0.0067488, 0, 0, 0.0348123, 0.999394
-0.173477, 0.00733931, 0, 0, 0.0349867, 0.999388
-0.165479, 0.00789998, 0, 0, 0.0352483, 0.999379
-0.15778, 0.0084438, 0, 0, 0.0358588, 0.999357
-0.14991, 0.00900925, 0, 0, 0.0365565, 0.999332
-0.141659, 0.00961374, 0, 0, 0.0367309, 0.999325
-0.133323, 0.0102274, 0, 0, 0.0368181, 0.999322
-0.12537, 0.0108142, 0, 0, 0.037167, 0.999309
-0.117417, 0.0114066, 0, 0, 0.0376902, 0.999289
-0.109295, 0.0120202, 0, 0, 0.0387366, 0.999249
-0.101472, 0.0126276, 0, 0, 0.0391726, 0.999232
-0.0936063, 0.0132453, 0, 0, 0.0394342, 0.999222
-0.0859113, 0.0138536, 0, 0, 0.039783, 0.999208
-0.0782168, 0.0144672, 0, 0, 0.0401318, 0.999194
-0.0704377, 0.0150931, 0, 0, 0.0405678, 0.999177
-0.0631693, 0.0156843, 0, 0, 0.0408294, 0.999166
-0.0562412, 0.0162515, 0, 0, 0.0413525, 0.999145
-0.0490586, 0.016847, 0, 0, 0.0419628, 0.999119
-0.0416643, 0.0174693, 0, 0, 0.0426603, 0.99909
-0.0343559, 0.0180945, 0, 0, 0.0439681, 0.999033
-0.0280687, 0.018649, 0, 0, 0.0447527, 0.998998
-0.0222071, 0.0191752, 0, 0, 0.0450143, 0.998986
-0.0158786, 0.0197467, 0, 0, 0.0452758, 0.998975
-0.00942299, 0.0203331, 0, 0, 0.0461476, 0.998935
-0.00398755, 0.0208364, 0, 0, 0.0468449, 0.998902
0.000980139, 0.0213033, 0, 0, 0.047368, 0.998878
0.00603224, 0.0217836, 0, 0, 0.0478038, 0.998857
0.0111688, 0.0222763, 0, 0, 0.0485011, 0.998823
0.0163047, 0.0227763, 0, 0, 0.0499828, 0.99875
0.0198267, 0.0231297, 0, 0, 0.0506801, 0.998715
0.023136, 0.0234664, 0, 0, 0.0511159, 0.998693
0.0266571, 0.0238278, 0, 0, 0.0512902, 0.998684
0.0306447, 0.0242385, 0, 0, 0.0516388, 0.998666
0.0345897, 0.0246476, 0, 0, 0.0527717, 0.998607
0.038364, 0.0250476, 0, 0, 0.0536431, 0.99856
0.0403992, 0.0252669, 0, 0, 0.0542531, 0.998527
0.0421798, 0.025461, 0, 0, 0.0547759, 0.998499
0.0440874, 0.0256709, 0, 0, 0.0555601, 0.998455
0.0463337, 0.0259216, 0, 0, 0.0560829, 0.998426
0.0468846, 0.0259837, 0, 0, 0.0565185, 0.998402
0.0474354, 0.0260463, 0, 0, 0.0573898, 0.998352
0.0482827, 0.026144, 0, 0, 0.0584352, 0.998291
0.0489604, 0.0262236, 0, 0, 0.0596548, 0.998219
0.0493415, 0.0262694, 0, 0, 0.0602646, 0.998182
0.0480291, 0.0261103, 0, 0, 0.0609614, 0.99814
0.0475211, 0.026048, 0, 0, 0.0617454, 0.998092
0.0468863, 0.0259692, 0, 0, 0.0625292, 0.998043
0.046167, 0.0258787, 0, 0, 0.0637485, 0.997966
0.0452364, 0.0257593, 0, 0, 0.0644452, 0.997921
0.0420222, 0.0253424, 0, 0, 0.0651419, 0.997876
0.0391892, 0.024971, 0, 0, 0.0658385, 0.99783
0.0368217, 0.0246572, 0, 0, 0.0661868, 0.997807
0.0347504, 0.0243812, 0, 0, 0.0661868, 0.997807
0.0324677, 0.024077, 0, 0, 0.0665351, 0.997784
0.028114, 0.0234938, 0, 0, 0.0671446, 0.997743
0.0237611, 0.0229052, 0, 0, 0.067667, 0.997708
0.0198313, 0.0223697, 0, 0, 0.0681024, 0.997678
0.0161978, 0.0218713, 0, 0, 0.0686247, 0.997643
0.0125648, 0.0213692, 0, 0, 0.0687118, 0.997637
0.00698865, 0.0205974, 0, 0, 0.06906, 0.997613
0.00175098, 0.0198687, 0, 0, 0.0694953, 0.997582
-0.00373946, 0.0191, 0, 0, 0.0705399, 0.997509
-0.0088905, 0.0183679, 0, 0, 0.0720197, 0.997403
-0.0139127, 0.0176388, 0, 0, 0.0735863, 0.997289
-0.019017, 0.0168814, 0, 0, 0.0750657, 0.997179
-0.0257635, 0.0158599, 0, 0, 0.076458, 0.997073
-0.0328443, 0.0147675, 0, 0, 0.0775891, 0.996985
-0.0394591, 0.0137317, 0, 0, 0.0775891, 0.996985
-0.0455262, 0.0127816, 0, 0, 0.0775891, 0.996985
-0.0514247, 0.0118579, 0, 0, 0.0777631, 0.996972
-0.0586711, 0.0107206, 0, 0, 0.0781981, 0.996938
-0.0660429, 0.00955693, 0, 0, 0.0788071, 0.99689
-0.0734975, 0.0083709, 0, 0, 0.07959, 0.996828
-0.0807397, 0.007207, 0, 0, 0.0808078, 0.99673
-0.0878528, 0.00604602, 0, 0, 0.0817646, 0.996652
-0.0958051, 0.00473237, 0, 0, 0.0823734, 0.996602
-0.10384, 0.00339501, 0, 0, 0.0831561, 0.996537
-0.111662, 0.00208036, 0, 0, 0.0835909, 0.9965
-0.119358, 0.000780201, 0, 0, 0.0840257, 0.996464
-0.12701, -0.00051953, 0, 0, 0.0843735, 0.996434
-0.135039, -0.00188914, 0, 0, 0.0847213, 0.996405
-0.143362, -0.00331476, 0, 0, 0.0855908, 0.99633
-0.151472, -0.00471853, 0, 0, 0.0862864, 0.99627
-0.159286, -0.0060823, 0, 0, 0.086808, 0.996225
-0.167182, -0.007469, 0, 0, 0.0872427, 0.996187
-0.175204, -0.00888483, 0, 0, 0.088112, 0.996111
-0.183223, -0.0103147, 0, 0, 0.0886335, 0.996064
-0.191282, -0.0117604, 0, 0, 0.0888943, 0.996041
-0.199173, -0.0131802, 0, 0, 0.0890681, 0.996026
-0.207063, -0.0146027, 0, 0, 0.089242, 0.99601
-0.214701, -0.0159825, 0, 0, 0.0896766, 0.995971
-0.222254, -0.0173537, 0, 0, 0.0901111, 0.995932
-0.229806, -0.0187315, 0, 0, 0.0904588, 0.9959
-0.237482, -0.0201377, 0, 0, 0.0908064, 0.995869
-0.245116, -0.0215414, 0, 0, 0.0910671, 0.995845
-0.252036, -0.0228177, 0, 0, 0.0915016, 0.995805
-0.258619, -0.0240379, 0, 0, 0.0918492, 0.995773
-0.265579, -0.0253328, 0, 0, 0.0921099, 0.995749
-0.272622, -0.0266471, 0, 0, 0.0923706, 0.995725
-0.279706, -0.0279728, 0, 0, 0.092805, 0.995684
-0.285993, -0.029155, 0, 0, 0.0933264, 0.995636
-0.291566, -0.0302091, 0, 0, 0.093587, 0.995611
-0.297054, -0.0312502, 0, 0, 0.0942821, 0.995546
-0.303128, -0.032411, 0, 0, 0.0952377, 0.995455
-0.309451, -0.033632, 0, 0, 0.0959326, 0.995388
-0.314474, -0.0346094, 0, 0, 0.0959326, 0.995388
-0.318911, -0.0354727, 0, 0, 0.0961063, 0.995371
-0.323307, -0.0363294, 0, 0, 0.0966275, 0.995321
-0.328036, -0.0372563, 0, 0, 0.0972355, 0.995261
-0.33314, -0.0382633, 0, 0, 0.0979303, 0.995193
-0.336361, -0.0389034, 0, 0, 0.098104, 0.995176
-0.339163, -0.0394613, 0, 0, 0.098104, 0.995176
-0.341882, -0.0400026, 0, 0, 0.0985382, 0.995133
-0.345562, -0.0407386, 0, 0, 0.0994934, 0.995038
-0.349407, -0.0415154, 0, 0, 0.100449, 0.994942
-0.35087, -0.0418138, 0, 0, 0.100449, 0.994942
-0.351789, -0.0420013, 0, 0, 0.100709, 0.994916
-0.353043, -0.0422577, 0, 0, 0.101404, 0.994845
-0.35534, -0.0427309, 0, 0, 0.102185, 0.994765
-0.357762, -0.0432338, 0, 0, 0.102793, 0.994703
-0.357804, -0.0432425, 0, 0, 0.102879, 0.994694
-0.357386, -0.0431552, 0, 0, 0.102966, 0.994685
-0.357094, -0.0430941, 0, 0, 0.103487, 0.994631
-0.357469, -0.0431731, 0, 0, 0.10583, 0.994384
-0.35797, -0.0432808, 0, 0, 0.106698, 0.994291
-0.356511, -0.0429641, 0, 0, 0.106611, 0.994301
-0.354761, -0.0425843, 0, 0, 0.106264, 0.994338
-0.35326, -0.0422599, 0, 0, 0.106351, 0.994329
-0.352427, -0.0420795, 0, 0, 0.106871, 0.994273
-0.35176, -0.0419345, 0, 0, 0.107132, 0.994245
-0.348385, -0.0411986, 0, 0, 0.107392, 0.994217
-0.344885, -0.0404337, 0, 0, 0.107652, 0.994189
-0.341552, -0.0397034, 0, 0, 0.108086, 0.994142
-0.339178, -0.039181, 0, 0, 0.108693, 0.994075
-0.337138, -0.0387294, 0, 0, 0.108867, 0.994056
-0.33235, -0.0376679, 0, 0, 0.10878, 0.994066
-0.327312, -0.0365519, 0, 0, 0.108607, 0.994085
-0.322523, -0.035493, 0, 0, 0.108693, 0.994075
-0.318485, -0.034599, 0, 0, 0.110168, 0.993913
-0.314781, -0.0337678, 0, 0, 0.111209, 0.993797
-0.309042, -0.032467, 0, 0, 0.111729, 0.993739
-0.302929, -0.0310749, 0, 0, 0.111989, 0.993709
-0.297025, -0.0297271, 0, 0, 0.112163, 0.99369
-0.291787, -0.0285293, 0, 0, 0.112856, 0.993611
-0.286966, -0.0274199, 0, 0, 0.113203, 0.993572
-0.280359, -0.0258945, 0, 0, 0.113463, 0.993542
-0.273047, -0.0242023, 0, 0, 0.113723, 0.993512
-0.265985, -0.022564, 0, 0, 0.11407, 0.993473
-0.259713, -0.0211045, 0, 0, 0.114417, 0.993433
-0.252819, -0.0194952, 0, 0, 0.115024, 0.993363
-0.245553, -0.0177897, 0, 0, 0.115631, 0.993292
-0.237792, -0.0159578, 0, 0, 0.116064, 0.993242
-0.230322, -0.014188, 0, 0, 0.116584, 0.993181
-0.223311, -0.0125189, 0, 0, 0.116931, 0.99314
-0.215678, -0.0106964, 0, 0, 0.117277, 0.993099
-0.207716, -0.00878916, 0, 0, 0.117537, 0.993068
-0.199712, -0.00686774, 0, 0, 0.117884, 0.993027
-0.191918, -0.00499066, 0, 0, 0.118577, 0.992945
-0.184416, -0.003173, 0, 0, 0.119097, 0.992883
-0.176792, -0.00131722, 0, 0, 0.11927, 0.992862
-0.168837, 0.000622022, 0, 0, 0.119357, 0.992851
-0.160758, 0.00259297, 0, 0, 0.119444, 0.992841
-0.152762, 0.0045451, 0, 0, 0.119877, 0.992789
-0.144975, 0.00645346, 0, 0, 0.120483, 0.992715
-0.137107, 0.00839173, 0, 0, 0.12109, 0.992642
-0.129366, 0.0103089, 0, 0, 0.121436, 0.992599
-0.121585, 0.0122417, 0, 0, 0.121696, 0.992567
-0.113764, 0.0141888, 0, 0, 0.121956, 0.992536
-0.105944, 0.0161401, 0, 0, 0.122302, 0.992493
-0.0982486, 0.0180658, 0, 0, 0.122649, 0.99245
-0.0909687, 0.019893, 0, 0, 0.122995, 0.992407
-0.0838969, 0.0216733, 0, 0, 0.123601, 0.992332
-0.0766205, 0.0235145, 0, 0, 0.124208, 0.992256
-0.0691811, 0.0254066, 0, 0, 0.124727, 0.992191
-0.0620329, 0.0272327, 0, 0, 0.125333, 0.992115
-0.0554239, 0.0289296, 0, 0, 0.125853, 0.992049
-0.0489406, 0.0306015, 0, 0, 0.126545, 0.991961
-0.0424596, 0.0322824, 0, 0, 0.127411, 0.99185
-0.035899, 0.0339962, 0, 0, 0.128363, 0.991727
-0.029383, 0.0357117, 0, 0, 0.129228, 0.991615
-0.0236532, 0.0372309, 0, 0, 0.130007, 0.991513
-0.0184202, 0.0386272, 0, 0, 0.130872, 0.991399
-0.0133132, 0.0399995, 0, 0, 0.131045, 0.991376
-0.00775374, 0.0414954, 0, 0, 0.131045, 0.991376
-0.00186481, 0.0430799, 0, 0, 0.131564, 0.991308
0.00266386, 0.0443035, 0, 0, 0.132343, 0.991204
0.00686138, 0.0454448, 0, 0, 0.133727, 0.991018
0.0108501, 0.0465412, 0, 0, 0.134592, 0.990901
0.014878, 0.047656, 0, 0, 0.135456, 0.990783
0.0191915, 0.0488579, 0, 0, 0.136321, 0.990665
0.0218194, 0.0495951, 0, 0, 0.137445, 0.990509
0.0242405, 0.0502802, 0, 0, 0.138136, 0.990413
0.0269477, 0.0510503, 0, 0, 0.138568, 0.990353
0.0298593, 0.0518813, 0, 0, 0.139087, 0.99028
0.032688, 0.0526919, 0, 0, 0.139605, 0.990207
0.0337946, 0.0530103, 0, 0, 0.140383, 0.990097
0.0347777, 0.0532948, 0, 0, 0.140728, 0.990048
0.0359655, 0.0536394, 0, 0, 0.140901, 0.990024
0.037276, 0.0540202, 0, 0, 0.14116, 0.989987
0.0385044, 0.0543777, 0, 0, 0.141679, 0.989913
0.0377266, 0.0541505, 0, 0, 0.142543, 0.989789
0.0374811, 0.0540783, 0, 0, 0.143061, 0.989714
0.0373584, 0.054042, 0, 0, 0.143665, 0.989626
0.0373584, 0.054042, 0, 0, 0.143924, 0.989589
0.0370723, 0.053957, 0, 0, 0.144011, 0.989576
0.0349467, 0.0533249, 0, 0, 0.144615, 0.989488
0.0330261, 0.0527513, 0, 0, 0.145047, 0.989425
0.0312695, 0.052225, 0, 0, 0.14522, 0.989399
0.0297173, 0.0517593, 0, 0, 0.14522, 0.989399
0.0280426, 0.0512568, 0, 0, 0.146083, 0.989272
0.0244907, 0.0501845, 0, 0, 0.146687, 0.989183
0.0213483, 0.0492315, 0, 0, 0.147033, 0.989132
0.0182473, 0.0482888, 0, 0, 0.147378, 0.98908
0.0151878, 0.0473563, 0, 0, 0.147982, 0.98899
0.0120071, 0.0463827, 0, 0, 0.148672, 0.988886
0.00711583, 0.0448779, 0, 0, 0.148845, 0.988861
0.00259186, 0.0434844, 0, 0, 0.149276, 0.988795
-0.00209386, 0.0420366, 0, 0, 0.150053, 0.988678
-0.00653295, 0.0406574, 0, 0, 0.151002, 0.988533
-0.0111322, 0.0392187, 0, 0, 0.151951, 0.988388
-0.0172744, 0.0372845, 0, 0, 0.152382, 0.988322
-0.0234555, 0.035332, 0, 0, 0.152641, 0.988282
-0.0292698, 0.0334921, 0, 0, 0.152813, 0.988255
-0.0346768, 0.031779, 0, 0, 0.153245, 0.988188
-0.0401229, 0.0300482, 0, 0, 0.154279, 0.988027
-0.046987, 0.027851, 0, 0, 0.154969, 0.987919
-0.0536857, 0.0256964, 0, 0, 0.155745, 0.987797
-0.060462, 0.0235051, 0, 0, 0.156693, 0.987647
-0.0670314, 0.0213668, 0, 0, 0.157641, 0.987496
-0.0736373, 0.0192025, 0, 0, 0.158417, 0.987372
-0.0812118, 0.0167078, 0, 0, 0.158761, 0.987317
-0.0889061, 0.0141676, 0, 0, 0.159278, 0.987234
-0.0964358, 0.011673, 0, 0, 0.159709, 0.987164
-0.103599, 0.00929288, 0, 0, 0.160312, 0.987066
-0.110557, 0.00697148, 0, 0, 0.160743, 0.986996
-0.118079, 0.00445457, 0, 0, 0.161259, 0.986912
-0.125639, 0.00191621, 0, 0, 0.161948, 0.986799
-0.1336, -0.000769015, 0, 0, 0.162809, 0.986658
-0.141475, -0.00344072, 0, 0, 0.164015, 0.986458
-0.149061, -0.00603507, 0, 0, 0.164617, 0.986358
-0.156685, -0.00865253, 0, 0, 0.16522, 0.986257
-0.164305, -0.0112793, 0, 0, 0.165822, 0.986156
-0.172204, -0.014013, 0, 0, 0.166252, 0.986083
-0.18006, -0.0167396, 0, 0, 0.166683, 0.986011
-0.187712, -0.019403, 0, 0, 0.166855, 0.985981
-0.194921, -0.0219147, 0, 0, 0.167199, 0.985923
-0.202249, -0.0244737, 0, 0, 0.167801, 0.985821
-0.209815, -0.0271262, 0, 0, 0.168403, 0.985718
-0.217538, -0.0298446, 0, 0, 0.169091, 0.9856
-0.225017, -0.0324885, 0, 0, 0.16935, 0.985556
-0.231851, -0.0349085, 0, 0, 0.169608, 0.985512
-0.238442, -0.0372466, 0, 0, 0.170038, 0.985438
-0.245393, -0.0397191, 0, 0, 0.170811, 0.985304
-0.252622, -0.0423029, 0, 0, 0.171241, 0.985229
-0.259808, -0.0448787, 0, 0, 0.171585, 0.985169
-0.266109, -0.0471423, 0, 0, 0.171929, 0.985109
-0.271847, -0.049208, 0, 0, 0.172101, 0.985079
-0.277624, -0.0512903, 0, 0, 0.172703, 0.984974
-0.28384, -0.0535391, 0, 0, 0.173133, 0.984899
-0.290214, -0.0558516, 0, 0, 0.17339, 0.984853
-0.295745, -0.0578615, 0, 0, 0.17339, 0.984853
-0.300836, -0.0597113, 0, 0, 0.173476, 0.984838
-0.305645, -0.0614599, 0, 0, 0.173992, 0.984747
-0.310613, -0.063272, 0, 0, 0.174593, 0.984641
-0.315859, -0.0651928, 0, 0, 0.175195, 0.984534
-0.319662, -0.0665904, 0, 0, 0.175367, 0.984503
-0.323064, -0.0678421, 0, 0, 0.17571, 0.984442
-0.326465, -0.0690961, 0, 0, 0.176398, 0.984319
-0.330464, -0.0705771, 0, 0, 0.176827, 0.984242
-0.334422, -0.0720467, 0, 0, 0.176999, 0.984211
-0.336541, -0.0728342, 0, 0, 0.176741, 0.984257
-0.33822, -0.0734573, 0, 0, 0.176569, 0.984288
-0.340099, -0.074154, 0, 0, 0.177171, 0.98418
-0.342897, -0.0751951, 0, 0, 0.178029, 0.984025
-0.345653, -0.0762261, 0, 0, 0.17863, 0.983916
-0.346212, -0.0764359, 0, 0, 0.178545, 0.983932
-0.346372, -0.0764959, 0, 0, 0.17863, 0.983916
-0.346811, -0.0766608, 0, 0, 0.179146, 0.983823
-0.348048, -0.0771268, 0, 0, 0.180176, 0.983634
-0.349284, -0.0775954, 0, 0, 0.181034, 0.983477
-0.348089, -0.0771398, 0, 0, 0.181292, 0.983429
-0.346854, -0.0766684, 0, 0, 0.181206, 0.983445
-0.345858, -0.0762884, 0, 0, 0.181292, 0.983429
-0.345658, -0.0762124, 0, 0, 0.181721, 0.98335
-0.345499, -0.0761514, 0, 0, 0.18215, 0.983271
-0.342752, -0.0750974, 0, 0, 0.18215, 0.983271
-0.340084, -0.0740739, 0, 0, 0.182665, 0.983175
-0.337815, -0.0732008, 0, 0, 0.183437, 0.983032
-0.336145, -0.0725548, 0, 0, 0.184552, 0.982823
-0.334754, -0.0720133, 0, 0, 0.185409, 0.982661
-0.330981, -0.0705371, 0, 0, 0.185838, 0.98258
-0.326614, -0.0688239, 0, 0, 0.186267, 0.982499
-0.322487, -0.0672005, 0, 0, 0.18661, 0.982434
-0.319511, -0.0660278, 0, 0, 0.186867, 0.982385
-0.316853, -0.0649787, 0, 0, 0.187124, 0.982336
-0.311697, -0.0629405, 0, 0, 0.187638, 0.982238
-0.306068, -0.0607083, 0, 0, 0.187896, 0.982189
-0.300678, -0.0585676, 0, 0, 0.188153, 0.98214
-0.296121, -0.0567551, 0, 0, 0.188496, 0.982074
-0.292001, -0.055113, 0, 0, 0.189095, 0.981959
-0.286101, -0.0527532, 0, 0, 0.189524, 0.981876
-0.27957, -0.0501344, 0, 0, 0.189353, 0.981909
-0.273156, -0.0475654, 0, 0, 0.189353, 0.981909
-0.267495, -0.0452977, 0, 0, 0.190038, 0.981777
-0.262273, -0.0431971, 0, 0, 0.190723, 0.981644
-0.255669, -0.0405303, 0, 0, 0.19098, 0.981594
-0.248474, -0.0376203, 0, 0, 0.191066, 0.981577
-0.2412, -0.034677, 0, 0, 0.191237, 0.981544
-0.234638, -0.0320193, 0, 0, 0.191666, 0.98146
-0.228316, -0.0294522, 0, 0, 0.192522, 0.981293
-0.22109, -0.0265035, 0, 0, 0.193721, 0.981057
-0.213438, -0.0233587, 0, 0, 0.194149, 0.980972
-0.205986, -0.0202886, 0, 0, 0.194149, 0.980972
-0.198967, -0.0173971, 0, 0, 0.194406, 0.980921
-0.192028, -0.0145345, 0, 0, 0.195261, 0.980751
-0.184583, -0.0114474, 0, 0, 0.195604, 0.980683
-0.176785, -0.0082079, 0, 0, 0.195946, 0.980615
-0.169068, -0.00499572, 0, 0, 0.196374, 0.980529
-0.161591, -0.00187534, 0, 0, 0.196973, 0.980409
-0.154353, 0.00115534, 0, 0, 0.197743, 0.980254
-0.147041, 0.00423045, 0, 0, 0.198, 0.980202
-0.139377, 0.00745838, 0, 0, 0.198171, 0.980168
-0.131753, 0.0106724, 0, 0, 0.198342, 0.980133
-0.124327, 0.0138062, 0, 0, 0.198598, 0.980081
-0.116982, 0.0169107, 0, 0, 0.199026, 0.979994
-0.109953, 0.0198885, 0, 0, 0.199453, 0.979907
-0.102927, 0.0228724, 0, 0, 0.199881, 0.97982
-0.0956674, 0.0259627, 0, 0, 0.200309, 0.979733
-0.088411, 0.0290593, 0, 0, 0.200565, 0.97968
-0.0812346, 0.0321262, 0, 0, 0.200992, 0.979593
-0.074845, 0.0348635, 0, 0, 0.201334, 0.979523
-0.0688099, 0.0374539, 0, 0, 0.201676, 0.979452
-0.0623065, 0.0402506, 0, 0, 0.202018, 0.979382
-0.0553743, 0.0432375, 0, 0, 0.20236, 0.979311
-0.0484833, 0.0462124, 0, 0, 0.203385, 0.979099
-0.0426548, 0.0487431, 0, 0, 0.204411, 0.978885
-0.0374959, 0.0509959, 0, 0, 0.205436, 0.978671
-0.0322637, 0.0532938, 0, 0, 0.206204, 0.978509
-0.0264108, 0.0558752, 0, 0, 0.206973, 0.978347
-0.020406, 0.0585349, 0, 0, 0.207826, 0.978166
-0.0155357, 0.0607023, 0, 0, 0.209021, 0.977911
-0.0109042, 0.0627769, 0, 0, 0.20996, 0.97771
-0.00647123, 0.0647729, 0, 0, 0.210642, 0.977563
-0.00215759, 0.0667224, 0, 0, 0.212092, 0.97725
0.00222786, 0.0687201, 0, 0, 0.212775, 0.977101
0.00548577, 0.0702096, 0, 0, 0.213116, 0.977027
0.00858755, 0.0716303, 0, 0, 0.213286, 0.97699
0.0115725, 0.0729989, 0, 0, 0.213371, 0.976971
0.0147899, 0.0744746, 0, 0, 0.214309, 0.976766
0.0180431, 0.0759743, 0, 0, 0.215161, 0.976578
0.0197845, 0.0767808, 0, 0, 0.215843, 0.976428
0.021486, 0.0775718, 0, 0, 0.21644, 0.976296
0.0232253, 0.0783828, 0, 0, 0.217036, 0.976164
0.024925, 0.0791779, 0, 0, 0.218569, 0.975821
0.0265835, 0.0799601, 0, 0, 0.219761, 0.975554
0.0268917, 0.0801064, 0, 0, 0.220868, 0.975304
0.0271227, 0.0802166, 0, 0, 0.221889, 0.975072
0.0272764, 0.0802904, 0, 0, 0.22308, 0.9748
0.0276221, 0.0804574, 0, 0, 0.223335, 0.974742
0.0279292, 0.0806059, 0, 0, 0.22342, 0.974722
0.0265472, 0.0799372, 0, 0, 0.22376, 0.974644
0.0254343, 0.0793978, 0, 0, 0.224441, 0.974488
0.0244372, 0.0789128, 0, 0, 0.225291, 0.974291
0.0237092, 0.0785571, 0, 0, 0.225546, 0.974232
0.0227898, 0.0781073, 0, 0, 0.225716, 0.974193
0.0196875, 0.0765881, 0, 0, 0.225971, 0.974134
0.0170071, 0.0752739, 0, 0, 0.226056, 0.974114
0.014595, 0.0740906, 0, 0, 0.226141, 0.974095
0.0123745, 0.0730009, 0, 0, 0.226396, 0.974035
0.0100015, 0.0718348, 0, 0, 0.226906, 0.973917
0.00598478, 0.0698557, 0, 0, 0.227586, 0.973758
0.00227664, 0.0680222, 0, 0, 0.228351, 0.973579
-0.00165782, 0.0660691, 0, 0, 0.229795, 0.973239
-0.00539574, 0.0641998, 0, 0, 0.230474, 0.973078
-0.00901671, 0.0623826, 0, 0, 0.230729, 0.973018
-0.0140847, 0.0598358, 0, 0, 0.231069, 0.972937
-0.0190367, 0.0573431, 0, 0, 0.231578, 0.972816
-0.0241383, 0.0547683, 0, 0, 0.232257, 0.972654
-0.0290462, 0.0522827, 0, 0, 0.233276, 0.972411
-0.0337587, 0.0498836, 0, 0, 0.234294, 0.972166
-0.0396052, 0.0468918, 0, 0, 0.235397, 0.971899
-0.0459378, 0.0436331, 0, 0, 0.236838, 0.971549
-0.0522608, 0.0403556, 0, 0, 0.237347, 0.971425
-0.058164, 0.0372878, 0, 0, 0.237516, 0.971384
-0.0636121, 0.0344541, 0, 0, 0.237601, 0.971363
-0.0702704, 0.0309895, 0, 0, 0.237601, 0.971363
-0.0774204, 0.027269, 0, 0, 0.23794, 0.97128
-0.084341, 0.0236618, 0, 0, 0.238194, 0.971217
-0.0908438, 0.020268, 0, 0, 0.238703, 0.971093
-0.0971163, 0.016986, 0, 0, 0.239211, 0.970968
-0.104065, 0.0133409, 0, 0, 0.23972, 0.970842
-0.111086, 0.0096488, 0, 0, 0.240313, 0.970696
-0.118102, 0.00594812, 0, 0, 0.241075, 0.970506
-0.125074, 0.00225638, 0, 0, 0.242261, 0.970211
-0.132075, -0.00147243, 0, 0, 0.243361, 0.969936
-0.139444, -0.00541845, 0, 0, 0.244292, 0.969702
-0.14688, -0.00941901, 0, 0, 0.245561, 0.969381
-0.15423, -0.0133984, 0, 0, 0.2459, 0.969295
-0.161316, -0.0172407, 0, 0, 0.245815, 0.969317
-0.168402, -0.0210817, 0, 0, 0.245815, 0.969317
-0.17545, -0.0249023, 0, 0, 0.2459, 0.969295
-0.182461, -0.0287039, 0, 0, 0.246407, 0.969166
-0.189654, -0.0326147, 0, 0, 0.247084, 0.968994
-0.196693, -0.0364538, 0, 0, 0.247675, 0.968843
-0.203764, -0.040322, 0, 0, 0.248014, 0.968757
-0.210459, -0.0439902, 0, 0, 0.24869, 0.968583
-0.216849, -0.0475034, 0, 0, 0.249282, 0.968431
-0.22331, -0.0510655, 0, 0, 0.249789, 0.9683
-0.229991, -0.0547582, 0, 0, 0.25038, 0.968148
-0.237003, -0.0586452, 0, 0, 0.250802, 0.968038
-0.243565, -0.0622897, 0, 0, 0.251056, 0.967973
-0.249416, -0.0655439, 0, 0, 0.251225, 0.967929
-0.255043, -0.0686757, 0, 0, 0.251563, 0.967841
-0.260965, -0.0719775, 0, 0, 0.252154, 0.967687
-0.267256, -0.0754947, 0, 0, 0.252576, 0.967577
-0.272948, -0.0786839, 0, 0, 0.252745, 0.967533
-0.278156, -0.0816039, 0, 0, 0.252745, 0.967533
-0.282806, -0.0842111, 0, 0, 0.252998, 0.967467
-0.287789, -0.0870085, 0, 0, 0.253674, 0.96729
-0.293065, -0.0899804, 0, 0, 0.254433, 0.96709
-0.297372, -0.0924149, 0, 0, 0.254602, 0.967046
-0.301269, -0.0946199, 0, 0, 0.254855, 0.966979
-0.305054, -0.0967639, 0, 0, 0.255108, 0.966912
-0.30906, -0.099036, 0, 0, 0.255446, 0.966823
-0.313324, -0.101458, 0, 0, 0.255952, 0.96669
-0.315659, -0.102788, 0, 0, 0.256121, 0.966645
-0.317845, -0.104034, 0, 0, 0.256374, 0.966578
-0.320253, -0.105408, 0, 0, 0.256795, 0.966466
-0.323214, -0.107101, 0, 0, 0.25747, 0.966286
-0.326285, -0.108862, 0, 0, 0.257976, 0.966151
-0.32732, -0.109458, 0, 0, 0.257807, 0.966196
-0.327911, -0.109798, 0, 0, 0.257807, 0.966196
-0.328725, -0.110265, 0, 0, 0.258313, 0.966061
-0.330351, -0.111201, 0, 0, 0.259072, 0.965858
-0.332012, -0.112162, 0, 0, 0.259746, 0.965677
-0.331902, -0.112098, 0, 0, 0.25983, 0.965654
-0.33168, -0.111969, 0, 0, 0.259915, 0.965632
-0.331496, -0.111862, 0, 0, 0.260167, 0.965564
-0.331607, -0.111927, 0, 0, 0.260757, 0.965404
-0.331865, -0.112077, 0, 0, 0.261852, 0.965108
-0.330282, -0.11115, 0, 0, 0.262273, 0.964994
-0.328407, -0.110049, 0, 0, 0.262526, 0.964925
-0.326973, -0.109206, 0, 0, 0.262863, 0.964833
-0.326201, -0.108752, 0, 0, 0.262863, 0.964833
-0.325245, -0.10819, 0, 0, 0.262694, 0.964879
-0.32179, -0.106158, 0, 0, 0.262526, 0.964925
-0.31837, -0.104148, 0, 0, 0.262358, 0.964971
-0.315465, -0.102442, 0, 0, 0.262273, 0.964994
-0.313222, -0.101126, 0, 0, 0.262947, 0.96481
-0.311017, -0.0998273, 0, 0, 0.263368, 0.964695
-0.306609, -0.0972269, 0, 0, 0.263621, 0.964626
-0.302019, -0.0945157, 0, 0, 0.263873, 0.964557
-0.297541, -0.0918672, 0, 0, 0.264126, 0.964488
-0.293908, -0.0897162, 0, 0, 0.264799, 0.964304
-0.290608, -0.0877561, 0, 0, 0.26522, 0.964188
-0.285404, -0.0846589, 0, 0, 0.265472, 0.964119
-0.279799, -0.0813189, 0, 0, 0.265809, 0.964026
-0.274123, -0.0779312, 0, 0, 0.266229, 0.96391
-0.269145, -0.0749545, 0, 0, 0.26707, 0.963677
-0.264721, -0.0722984, 0, 0, 0.267575, 0.963537
-0.258912, -0.068802, 0, 0, 0.267995, 0.96342
-0.252521, -0.0649482, 0, 0, 0.268247, 0.96335
-0.246059, -0.0610469, 0, 0, 0.268752, 0.963209
-0.240294, -0.0575585, 0, 0, 0.269424, 0.963022
-0.234935, -0.0543053, 0, 0, 0.270096, 0.962833
-0.228451, -0.0503571, 0, 0, 0.2706, 0.962692
-0.221499, -0.0461133, 0, 0, 0.270852, 0.962621
-0.214549, -0.0418659, 0, 0, 0.271188, 0.962526
-0.208183, -0.0379697, 0, 0, 0.271692, 0.962384
-0.202113, -0.0342454, 0, 0, 0.27228, 0.962218
-0.195502, -0.0301784, 0, 0, 0.272616, 0.962123
-0.188459, -0.0258384, 0, 0, 0.272784, 0.962075
-0.181162, -0.0213392, 0, 0, 0.27312, 0.96198
-0.174196, -0.0170366, 0, 0, 0.273623, 0.961837
-0.167488, -0.0128839, 0, 0, 0.274295, 0.961646
-0.160749, -0.0086993, 0, 0, 0.274798, 0.961502
-0.153798, -0.00437242, 0, 0, 0.275218, 0.961382
-0.146705, 5.07864e-05, 0, 0, 0.275721, 0.961238
-0.13969, 0.00443621, 0, 0, 0.275973, 0.961165
-0.132858, 0.00871218, 0, 0, 0.27656, 0.960997
-0.126319, 0.0128152, 0, 0, 0.277063, 0.960852
-0.119749, 0.0169477, 0, 0, 0.277482, 0.960731
-0.112967, 0.0212224, 0, 0, 0.277985, 0.960585
-0.106116, 0.0255497, 0, 0, 0.278153, 0.960537
-0.0992673, 0.0298794, 0, 0, 0.278237, 0.960513
-0.0928876, 0.033914, 0, 0, 0.278572, 0.960415
-0.0868711, 0.0377249, 0, 0, 0.279326, 0.960196
-0.0808246, 0.041568, 0, 0, 0.279661, 0.960099
-0.074421, 0.0456444, 0, 0, 0.279829, 0.96005
-0.0679468, 0.0497689, 0, 0, 0.28008, 0.959977
-0.0620861, 0.0535069, 0, 0, 0.280583, 0.95983
-0.0566246, 0.0569984, 0, 0, 0.281839, 0.959462
-0.0513874, 0.0603657, 0, 0, 0.28276, 0.959191
-0.0459059, 0.0639051, 0, 0, 0.28343, 0.958993
-0.0401788, 0.0676144, 0, 0, 0.283848, 0.958869
-0.035242, 0.0708179, 0, 0, 0.284183, 0.95877
-0.030665, 0.0737925, 0, 0, 0.284768, 0.958596
-0.0262703, 0.0766563, 0, 0, 0.285103, 0.958497
-0.0218061, 0.0795698, 0, 0, 0.285688, 0.958323
-0.0171671, 0.0826055, 0, 0, 0.286441, 0.958098
-0.013531, 0.084993, 0, 0, 0.286943, 0.957948
-0.0101468, 0.0872203, 0, 0, 0.287444, 0.957797
-0.0069785, 0.0893102, 0, 0, 0.288196, 0.957571
-0.00360012, 0.0915463, 0, 0, 0.289032, 0.957319
-1.25187e-05, 0.0939299, 0, 0, 0.2897, 0.957117
0.00204577, 0.0953016, 0, 0, 0.290368, 0.956915
0.0041376, 0.0966998, 0, 0, 0.291036, 0.956712
0.00622748, 0.098101, 0, 0, 0.291871, 0.956458
0.00835029, 0.0995296, 0, 0, 0.292956, 0.956126
0.0105405, 0.101011, 0, 0, 0.294207, 0.955742
0.0114573, 0.101634, 0, 0, 0.295875, 0.955227
0.0123017, 0.102213, 0, 0, 0.296958, 0.95489
0.0128988, 0.102624, 0, 0, 0.297791, 0.954631
0.0135653, 0.103085, 0, 0, 0.298208, 0.954501
0.0142666, 0.10357, 0, 0, 0.298624, 0.954371
0.0134606, 0.103011, 0, 0, 0.299374, 0.954136
0.0128306, 0.102573, 0, 0, 0.29979, 0.954005
0.0124808, 0.102329, 0, 0, 0.300123, 0.9539
0.0123759, 0.102255, 0, 0, 0.300206, 0.953874
0.0121662, 0.102109, 0, 0, 0.300373, 0.953822
0.0100342, 0.100618, 0, 0, 0.300623, 0.953743
0.00800777, 0.0992, 0, 0, 0.300706, 0.953717
0.00629603, 0.0980014, 0, 0, 0.300789, 0.953691
0.00479407, 0.0969493, 0, 0, 0.300706, 0.953717
0.00322205, 0.0958486, 0, 0, 0.300955, 0.953638
7.91839e-05, 0.0936455, 0, 0, 0.301788, 0.953375
-0.00288545, 0.0915596, 0, 0, 0.302786, 0.953059
-0.00588053, 0.0894428, 0, 0, 0.303784, 0.952741
-0.0088364, 0.0873445, 0, 0, 0.304698, 0.952449
-0.0117535, 0.0852653, 0, 0, 0.306277, 0.951942
-0.0159456, 0.0822564, 0, 0, 0.307024, 0.951702
-0.0200983, 0.0792657, 0, 0, 0.307523, 0.951541
-0.0243171, 0.0762208, 0, 0, 0.307855, 0.951433
-0.0283263, 0.0733229, 0, 0, 0.308104, 0.951353
-0.0321613, 0.0705478, 0, 0, 0.308353, 0.951272
-0.0374108, 0.066745, 0, 0, 0.308519, 0.951218
-0.0427281, 0.0628903, 0, 0, 0.308768, 0.951137
-0.0479052, 0.059133, 0, 0, 0.3091, 0.95103
-0.0528038, 0.0555727, 0, 0, 0.309598, 0.950868
-0.0576987, 0.0520072, 0, 0, 0.310096, 0.950705
-0.0634509, 0.047808, 0, 0, 0.310428, 0.950597
-0.0692002, 0.0436048, 0, 0, 0.310842, 0.950461
-0.075221, 0.039195, 0, 0, 0.311672, 0.95019
-0.0809249, 0.035002, 0, 0, 0.312667, 0.949863
-0.0865857, 0.0308224, 0, 0, 0.313661, 0.949535
-0.0929571, 0.0260975, 0, 0, 0.314241, 0.949343
-0.0993911, 0.0213139, 0, 0, 0.314987, 0.949096
-0.105783, 0.0165457, 0, 0, 0.315318, 0.948986
-0.112002, 0.0119007, 0, 0, 0.315318, 0.948986
-0.118083, 0.00735773, 0, 0, 0.315566, 0.948904
-0.124538, 0.00253066, 0, 0, 0.315897, 0.948793
-0.131228, -0.00247985, 0, 0, 0.316311, 0.948655
-0.137949, -0.0075218, 0, 0, 0.316643, 0.948545
-0.144392, -0.0123635, 0, 0, 0.317305, 0.948324
-0.150625, -0.0170602, 0, 0, 0.317801, 0.948157
-0.157023, -0.0218919, 0, 0, 0.31838, 0.947963
-0.163551, -0.0268344, 0, 0, 0.319042, 0.947741
-0.170174, -0.0318634, 0, 0, 0.319621, 0.947546
-0.176825, -0.0369263, 0, 0, 0.320117, 0.947378
-0.183131, -0.0417375, 0, 0, 0.320282, 0.947322
-0.189233, -0.0463957, 0, 0, 0.32053, 0.947238
-0.195298, -0.0510311, 0, 0, 0.321026, 0.94707
-0.201731, -0.0559581, 0, 0, 0.321522, 0.946902
-0.208192, -0.0609179, 0, 0, 0.321853, 0.94679
-0.214447, -0.0657262, 0, 0, 0.3221, 0.946705
-0.220091, -0.0700696, 0, 0, 0.322431, 0.946593
-0.225462, -0.0742087, 0, 0, 0.322844, 0.946452
-0.231167, -0.0786131, 0, 0, 0.323174, 0.946339
-0.237138, -0.0832301, 0, 0, 0.323422, 0.946255
-0.242973, -0.0877459, 0, 0, 0.323835, 0.946114
-0.248129, -0.0917441, 0, 0, 0.324083, 0.946029
-0.252879, -0.0954313, 0, 0, 0.32433, 0.945944
-0.257661, -0.099147, 0, 0, 0.325156, 0.945661
-0.262772, -0.103133, 0, 0, 0.325733, 0.945462
-0.268013, -0.107231, 0, 0, 0.326228, 0.945291
-0.272276, -0.110572, 0, 0, 0.326476, 0.945206
-0.276169, -0.113625, 0, 0, 0.326476, 0.945206
-0.279893, -0.116546, 0, 0, 0.326558, 0.945177
-0.28402, -0.119784, 0, 0, 0.326971, 0.945035
-0.288412, -0.123237, 0, 0, 0.327383, 0.944892
-0.291327, -0.125532, 0, 0, 0.327548, 0.944835
-0.293973, -0.127617, 0, 0, 0.32763, 0.944806
-0.296586, -0.129677, 0, 0, 0.32796, 0.944692
-0.299732, -0.132161, 0, 0, 0.328619, 0.944462
-0.302975, -0.134729, 0, 0, 0.329031, 0.944319
-0.304479, -0.135921, 0, 0, 0.328949, 0.944348
-0.305615, -0.136822, 0, 0, 0.329031, 0.944319
-0.307018, -0.137935, 0, 0, 0.329526, 0.944147
-0.309121, -0.139607, 0, 0, 0.330267, 0.943887
-0.311255, -0.141308, 0, 0, 0.330844, 0.943686
-0.311655, -0.141628, 0, 0, 0.331009, 0.943628
-0.311688, -0.141655, 0, 0, 0.331338, 0.943512
-0.311822, -0.141761, 0, 0, 0.331832, 0.943339
-0.31252, -0.142322, 0, 0, 0.332408, 0.943136
-0.313317, -0.142964, 0, 0, 0.33282, 0.942991
-0.312255, -0.142107, 0, 0, 0.332737, 0.94302
-0.311126, -0.141197, 0, 0, 0.332737, 0.94302
-0.310229, -0.140475, 0, 0, 0.333313, 0.942816
-0.310064, -0.140341, 0, 0, 0.334054, 0.942554
-0.309765, -0.140099, 0, 0, 0.334218, 0.942496
-0.307248, -0.138057, 0, 0, 0.334136, 0.942525
-0.304599, -0.135908, 0, 0, 0.334136, 0.942525
-0.302346, -0.134082, 0, 0, 0.334383, 0.942437
-0.300757, -0.132791, 0, 0, 0.334876, 0.942262
-0.299367, -0.131661, 0, 0, 0.335534, 0.942028
-0.295931, -0.128857, 0, 0, 0.335863, 0.941911
-0.292199, -0.125808, 0, 0, 0.33578, 0.94194
-0.288698, -0.122949, 0, 0, 0.33578, 0.94194
-0.285857, -0.120629, 0, 0, 0.336438, 0.941706
-0.283416, -0.118629, 0, 0, 0.337177, 0.941441
-0.278935, -0.114947, 0, 0, 0.337424, 0.941353
-0.274225, -0.111073, 0, 0, 0.337506, 0.941323
-0.269681, -0.107333, 0, 0, 0.337506, 0.941323
-0.265927, -0.104244, 0, 0, 0.337917, 0.941176
-0.262307, -0.10126, 0, 0, 0.338409, 0.940999
-0.257079, -0.0969418, 0, 0, 0.338984, 0.940792
-0.251561, -0.0923721, 0, 0, 0.339148, 0.940733
-0.246078, -0.0878277, 0, 0, 0.339395, 0.940644
-0.241253, -0.0838249, 0, 0, 0.339887, 0.940466
-0.236662, -0.080008, 0, 0, 0.340544, 0.940229
-0.230963, -0.0752561, 0, 0, 0.341036, 0.94005
-0.225039, -0.0703069, 0, 0, 0.341036, 0.94005
-0.219116, -0.0653576, 0, 0, 0.341118, 0.940021
-0.213619, -0.0607629, 0, 0, 0.341364, 0.939931
-0.208255, -0.0562748, 0, 0, 0.341856, 0.939752
-0.202144, -0.0511508, 0, 0, 0.342758, 0.939424
-0.195847, -0.0458503, 0, 0, 0.343168, 0.939274
-0.189588, -0.0405718, 0, 0, 0.343414, 0.939184
-0.183592, -0.0355102, 0, 0, 0.343742, 0.939064
-0.177729, -0.0305544, 0, 0, 0.344315, 0.938854
-0.171613, -0.0253709, 0, 0, 0.344561, 0.938764
-0.165174, -0.0199084, 0, 0, 0.344725, 0.938704
-0.158867, -0.014554, 0, 0, 0.344971, 0.938613
-0.152693, -0.00930672, 0, 0, 0.345216, 0.938523
-0.146684, -0.00419442, 0, 0, 0.345708, 0.938342
-0.14055, 0.00103485, 0, 0, 0.346035, 0.938222
-0.134291, 0.00637916, 0, 0, 0.346281, 0.938131
-0.128034, 0.0117268, 0, 0, 0.346526, 0.93804
-0.121909, 0.0169667, 0, 0, 0.346772, 0.937949
-0.115788, 0.0222099, 0, 0, 0.347099, 0.937828
-0.110123, 0.0270686, 0, 0, 0.347345, 0.937737
-0.104396, 0.0319859, 0, 0, 0.347509, 0.937677
-0.0985091, 0.0370441, 0, 0, 0.347672, 0.937616
-0.0925915, 0.0421322, 0, 0, 0.347918, 0.937525
-0.0867413, 0.0471678, 0, 0, 0.34849, 0.937312
-0.0814461, 0.0517368, 0, 0, 0.348899, 0.93716
-0.076413, 0.0560874, 0, 0, 0.349226, 0.937038
-0.071254, 0.0605532, 0, 0, 0.349308, 0.937008
-0.0658056, 0.065271, 0, 0, 0.349635, 0.936886
-0.0602961, 0.0700486, 0, 0, 0.350371, 0.936611
-0.0555662, 0.0741631, 0, 0, 0.351106, 0.936336
-0.0512927, 0.0778924, 0, 0, 0.351678, 0.936121
-0.0471201, 0.0815427, 0, 0, 0.352005, 0.935998
-0.0425651, 0.0855331, 0, 0, 0.352413, 0.935844
-0.0378853, 0.0896401, 0, 0, 0.352903, 0.93566
-0.0341385, 0.0929352, 0, 0, 0.353312, 0.935506
-0.0304586, 0.0961772, 0, 0, 0.353801, 0.935321
-0.0269739, 0.0992537, 0, 0, 0.354536, 0.935042
-0.0235579, 0.102279, 0, 0, 0.355923, 0.934515
-0.0200873, 0.105371, 0, 0, 0.356493, 0.934298
-0.0177018, 0.107502, 0, 0, 0.356901, 0.934142
-0.0153817, 0.109578, 0, 0, 0.357227, 0.934018
-0.0130631, 0.111655, 0, 0, 0.357553, 0.933893
-0.0106824, 0.113791, 0, 0, 0.358368, 0.93358
-0.00833722, 0.115903, 0, 0, 0.358775, 0.933424
-0.0071022, 0.117017, 0, 0, 0.358938, 0.933361
-0.00583591, 0.11816, 0, 0, 0.359264, 0.933236
-0.0047286, 0.119161, 0, 0, 0.360078, 0.932922
-0.00359145, 0.120192, 0, 0, 0.361299, 0.93245
-0.00248852, 0.121198, 0, 0, 0.362031, 0.932166
-0.00251999, 0.121169, 0, 0, 0.362926, 0.931818
-0.00248858, 0.121198, 0, 0, 0.363658, 0.931533
-0.00248858, 0.121198, 0, 0, 0.364552, 0.931183
-0.00236334, 0.121314, 0, 0, 0.364958, 0.931024
-0.00233205, 0.121343, 0, 0, 0.365283, 0.930897
-0.00373899, 0.120038, 0, 0, 0.365364, 0.930865
-0.00486436, 0.118993, 0, 0, 0.365364, 0.930865
-0.00586469, 0.118065, 0, 0, 0.365527, 0.930801
-0.00664595, 0.11734, 0, 0, 0.366014, 0.930609
-0.00755132, 0.116497, 0, 0, 0.366501, 0.930418
-0.0101088, 0.114112, 0, 0, 0.366826, 0.93029
-0.0126024, 0.111784, 0, 0, 0.366988, 0.930226
-0.0147835, 0.109745, 0, 0, 0.367313, 0.930097
-0.0167764, 0.107881, 0, 0, 0.367475, 0.930033
-0.0187686, 0.106015, 0, 0, 0.367638, 0.929969
-0.0218493, 0.103128, 0, 0, 0.367962, 0.929841
-0.0252078, 0.0999764, 0, 0, 0.368611, 0.929584
-0.0286862, 0.0967031, 0, 0, 0.369422, 0.929262
-0.0319729, 0.0935994, 0, 0, 0.369666, 0.929165
-0.0350719, 0.0906698, 0, 0, 0.36999, 0.929036
-0.0393148, 0.0866533, 0, 0, 0.370395, 0.928874
-0.0434305, 0.0827504, 0, 0, 0.371125, 0.928583
-0.0478181, 0.0785766, 0, 0, 0.371854, 0.928291
-0.0519523, 0.0746313, 0, 0, 0.372826, 0.927901
-0.0559242, 0.070825, 0, 0, 0.373635, 0.927576
-0.0609654, 0.0659772, 0, 0, 0.374364, 0.927282
-0.0662138, 0.0609141, 0, 0, 0.375173, 0.926955
-0.0712696, 0.0560199, 0, 0, 0.375416, 0.926857
-0.0759859, 0.0514495, 0, 0, 0.375577, 0.926791
-0.0805781, 0.0469962, 0, 0, 0.375739, 0.926725
-0.0860257, 0.0417097, 0, 0, 0.376143, 0.926561
-0.0914993, 0.0363888, 0, 0, 0.376629, 0.926364
-0.09712, 0.0309133, 0, 0, 0.377194, 0.926134
-0.10252, 0.0256396, 0, 0, 0.377922, 0.925838
-0.10776, 0.0205065, 0, 0, 0.378245, 0.925706
-0.113514, 0.0148621, 0, 0, 0.378649, 0.925541
-0.119598, 0.00888394, 0, 0, 0.379456, 0.92521
-0.125488, 0.0030748, 0, 0, 0.379779, 0.925077
-0.131041, -0.00240884, 0, 0, 0.379779, 0.925077
-0.136564, -0.00786252, 0, 0, 0.379941, 0.925011
-0.142267, -0.013498, 0, 0, 0.380183, 0.924911
-0.148118, -0.0192864, 0, 0, 0.380667, 0.924712
-0.154115, -0.025231, 0, 0, 0.38107, 0.924546
-0.159925, -0.0310006, 0, 0, 0.381554, 0.924346
-0.165729, -0.0367762, 0, 0, 0.381958, 0.92418
-0.171347, -0.0423763, 0, 0, 0.382442, 0.92398
-0.176928, -0.0479521, 0, 0, 0.382764, 0.923846
-0.182657, -0.0536826, 0, 0, 0.383087, 0.923712
-0.188381, -0.0594171, 0, 0, 0.383248, 0.923646
-0.194104, -0.0651536, 0, 0, 0.383328, 0.923612
-0.199313, -0.0703778, 0, 0, 0.383409, 0.923579
-0.204311, -0.0753914, 0, 0, 0.383812, 0.923411
-0.209636, -0.0807419, 0, 0, 0.384618, 0.923076
-0.215191, -0.086344, 0, 0, 0.385262, 0.922807
-0.220618, -0.0918325, 0, 0, 0.385665, 0.922639
-0.225412, -0.0966884, 0, 0, 0.386067, 0.922471
-0.229752, -0.101093, 0, 0, 0.386309, 0.92237
-0.2343, -0.105712, 0, 0, 0.386711, 0.922201
-0.239262, -0.110762, 0, 0, 0.387033, 0.922066
-0.24422, -0.115814, 0, 0, 0.387194, 0.921998
-0.24846, -0.120138, 0, 0, 0.387274, 0.921965
-0.252281, -0.124036, 0, 0, 0.387274, 0.921965
-0.256013, -0.127843, 0, 0, 0.387596, 0.921829
-0.259981, -0.131896, 0, 0, 0.388159, 0.921592
-0.264152, -0.136168, 0, 0, 0.389204, 0.921151
-0.267392, -0.139501, 0, 0, 0.389285, 0.921117
-0.270305, -0.142498, 0, 0, 0.389285, 0.921117
-0.273039, -0.145312, 0, 0, 0.389526, 0.921016
-0.276277, -0.148647, 0, 0, 0.389928, 0.920845
-0.279542, -0.152016, 0, 0, 0.390088, 0.920777
-0.281233, -0.153762, 0, 0, 0.390008, 0.920811
-0.282835, -0.155416, 0, 0, 0.390249, 0.920709
-0.284585, -0.157224, 0, 0, 0.390731, 0.920505
-0.286718, -0.159433, 0, 0, 0.391374, 0.920232
-0.289025, -0.161829, 0, 0, 0.391936, 0.919993
-0.289823, -0.162659, 0, 0, 0.391855, 0.920027
-0.290059, -0.162905, 0, 0, 0.391775, 0.920061
-0.290443, -0.163305, 0, 0, 0.392177, 0.91989
-0.291565, -0.164474, 0, 0, 0.393059, 0.919513
-0.292774, -0.165738, 0, 0, 0.394343, 0.918963
-0.292215, -0.165151, 0, 0, 0.394583, 0.91886
-0.291775, -0.164687, 0, 0, 0.394744, 0.918791
-0.291335, -0.164223, 0, 0, 0.394904, 0.918722
-0.291188, -0.164068, 0, 0, 0.395385, 0.918515
-0.291041, -0.163913, 0, 0, 0.395786, 0.918343
-0.289518, -0.162301, 0, 0, 0.396106, 0.918205
-0.287997, -0.160688, 0, 0, 0.396427, 0.918066
-0.286593, -0.159198, 0, 0, 0.396667, 0.917962
-0.285746, -0.158297, 0, 0, 0.396988, 0.917824
-0.285015, -0.15752, 0, 0, 0.397148, 0.917755
-0.282271, -0.154598, 0, 0, 0.397148, 0.917755
-0.279352, -0.151489, 0, 0, 0.397308, 0.917685
-0.276667, -0.148628, 0, 0, 0.397388, 0.917651
-0.274625, -0.146451, 0, 0, 0.397388, 0.917651
-0.272874, -0.144585, 0, 0, 0.397869, 0.917442
-0.269377, -0.140849, 0, 0, 0.398189, 0.917303
-0.265504, -0.136706, 0, 0, 0.398349, 0.917234
-0.26169, -0.132623, 0, 0, 0.398269, 0.917269
-0.258458, -0.129165, 0, 0, 0.398509, 0.917164
-0.255635, -0.126141, 0, 0, 0.398909, 0.91699
-0.251478, -0.121679, 0, 0, 0.399149, 0.916886
-0.246916, -0.116778, 0, 0, 0.399149, 0.916886
-0.242441, -0.111971, 0, 0, 0.398989, 0.916956
-0.238371, -0.107603, 0, 0, 0.399389, 0.916781
-0.234712, -0.103668, 0, 0, 0.399789, 0.916607
-0.229925, -0.0985106, 0, 0, 0.400189, 0.916433
-0.224794, -0.0929739, 0, 0, 0.400589, 0.916258
-0.219668, -0.0874328, 0, 0, 0.401069, 0.916048
-0.215098, -0.0824817, 0, 0, 0.401468, 0.915873
-0.210648, -0.077652, 0, 0, 0.401708, 0.915768
-0.20542, -0.0719729, 0, 0, 0.401868, 0.915698
-0.199905, -0.065978, 0, 0, 0.401948, 0.915663
-0.194277, -0.0598567, 0, 0, 0.402028, 0.915628
-0.189053, -0.0541739, 0, 0, 0.402427, 0.915452
-0.184065, -0.0487379, 0, 0, 0.402986, 0.915206
-0.178766, -0.0429498, 0, 0, 0.403386, 0.91503
-0.173157, -0.0368108, 0, 0, 0.403465, 0.914995
-0.167491, -0.0306078, 0, 0, 0.403545, 0.91496
-0.16197, -0.0245613, 0, 0, 0.403944, 0.914784
-0.156597, -0.0186676, 0, 0, 0.404503, 0.914537
-0.151232, -0.0127673, 0, 0, 0.404902, 0.91436
-0.145758, -0.00673601, 0, 0, 0.405301, 0.914183
-0.140145, -0.000541941, 0, 0, 0.40562, 0.914042
-0.13468, 0.00549793, 0, 0, 0.40586, 0.913935
-0.129275, 0.0114774, 0, 0, 0.406099, 0.913829
-0.124102, 0.0172065, 0, 0, 0.406258, 0.913758
-0.118903, 0.022969, 0, 0, 0.406577, 0.913616
-0.113536, 0.0289253, 0, 0, 0.406896, 0.913474
-0.108031, 0.0350438, 0, 0, 0.407215, 0.913332
-0.102701, 0.0409758, 0, 0, 0.407534, 0.91319
-0.0979159, 0.0463084, 0, 0, 0.408091, 0.912941
-0.0933084, 0.0514563, 0, 0, 0.408649, 0.912692
-0.0884799, 0.0568642, 0, 0, 0.408729, 0.912656
-0.0834252, 0.0625275, 0, 0, 0.408888, 0.912585
-0.0785428, 0.0680017, 0, 0, 0.409047, 0.912513
-0.0741163, 0.0729681, 0, 0, 0.409445, 0.912335
-0.0699776, 0.0776198, 0, 0, 0.410162, 0.912013
-0.0659028, 0.0822142, 0, 0, 0.410639, 0.911798
-0.0615784, 0.0871003, 0, 0, 0.410958, 0.911654
-0.0571445, 0.0921172, 0, 0, 0.411514, 0.911403
-0.0533654, 0.0964037, 0, 0, 0.41231, 0.911044
-0.0497627, 0.100505, 0, 0, 0.413263, 0.910612
-0.0464212, 0.104324, 0, 0, 0.41382, 0.910359
-0.0431406, 0.108084, 0, 0, 0.414455, 0.91007
-0.0396412, 0.112105, 0, 0, 0.41509, 0.90978
-0.0369859, 0.115165, 0, 0, 0.415884, 0.909418
-0.0344475, 0.1181, 0, 0, 0.416281, 0.909236
-0.0319953, 0.120941, 0, 0, 0.416519, 0.909127
-0.0295168, 0.123816, 0, 0, 0.416995, 0.908909
-0.0269856, 0.126757, 0, 0, 0.417629, 0.908618
-0.0255416, 0.12844, 0, 0, 0.417867, 0.908508
-0.0242095, 0.129995, 0, 0, 0.417867, 0.908508
-0.0228218, 0.131614, 0, 0, 0.418105, 0.908399
-0.0213795, 0.133298, 0, 0, 0.41866, 0.908143
-0.0199116, 0.135017, 0, 0, 0.419373, 0.907814
-0.0192758, 0.135764, 0, 0, 0.420402, 0.907338
-0.0187519, 0.136382, 0, 0, 0.421352, 0.906897
-0.0183394, 0.136871, 0, 0, 0.422381, 0.906418
-0.0179828, 0.137295, 0, 0, 0.423014, 0.906123
-0.017572, 0.137786, 0, 0, 0.423646, 0.905828
-0.0182281, 0.137, 0, 0, 0.424278, 0.905532
-0.0186102, 0.136541, 0, 0, 0.424436, 0.905458
-0.0190467, 0.136017, 0, 0, 0.424674, 0.905347
-0.0194284, 0.135558, 0, 0, 0.42499, 0.905198
-0.0197826, 0.135131, 0, 0, 0.425305, 0.90505
-0.0216062, 0.132932, 0, 0, 0.425384, 0.905013
-0.0233477, 0.13083, 0, 0, 0.425542, 0.904938
-0.0249254, 0.128925, 0, 0, 0.425858, 0.90479
-0.0262843, 0.127282, 0, 0, 0.426253, 0.904604
-0.0276689, 0.125605, 0, 0, 0.426727, 0.904381
-0.0302719, 0.122445, 0, 0, 0.427121, 0.904194
-0.0327097, 0.11948, 0, 0, 0.427831, 0.903859
-0.0351427, 0.116512, 0, 0, 0.428699, 0.903448
-0.0374083, 0.113737, 0, 0, 0.429566, 0.903036
-0.0396954, 0.110925, 0, 0, 0.430669, 0.90251
-0.0430219, 0.106814, 0, 0, 0.431141, 0.902285
-0.046478, 0.102534, 0, 0, 0.431771, 0.901983
-0.0499282, 0.0982486, 0, 0, 0.432715, 0.901531
-0.0531826, 0.0941893, 0, 0, 0.433502, 0.901153
-0.0563235, 0.0902576, 0, 0, 0.434524, 0.90066
-0.0605702, 0.0849168, 0, 0, 0.434917, 0.900471
-0.0648918, 0.0794721, 0, 0, 0.434995, 0.900433
-0.0690799, 0.0741937, 0, 0, 0.434838, 0.900509
-0.0728456, 0.0694512, 0, 0, 0.43476, 0.900547
-0.076612, 0.0647093, 0, 0, 0.435074, 0.900395
-0.0811702, 0.0589624, 0, 0, 0.435467, 0.900205
-0.0857764, 0.0531446, 0, 0, 0.43586, 0.900015
-0.0904832, 0.047189, 0, 0, 0.436252, 0.899824
-0.0949471, 0.0415307, 0, 0, 0.437116, 0.899405
-0.0992684, 0.0360314, 0, 0, 0.437508, 0.899214
-0.10419, 0.0297566, 0, 0, 0.437822, 0.899062
-0.10916, 0.0234112, 0, 0, 0.438136, 0.898909
-0.114126, 0.0170624, 0, 0, 0.438371, 0.898794
-0.119009, 0.0108118, 0, 0, 0.438999, 0.898488
-0.123753, 0.00472253, 0, 0, 0.439234, 0.898373
-0.128703, -0.00163844, 0, 0, 0.439469, 0.898258
-0.133807, -0.00820401, 0, 0, 0.439704, 0.898143
-0.138934, -0.0148059, 0, 0, 0.439861, 0.898066
-0.144005, -0.0213423, 0, 0, 0.440253, 0.897874
-0.148915, -0.0276807, 0, 0, 0.440644, 0.897682
-0.153715, -0.0338885, 0, 0, 0.441036, 0.897489
-0.158561, -0.040168, 0, 0, 0.441349, 0.897335
-0.163637, -0.0467549, 0, 0, 0.441819, 0.897104
-0.168759, -0.0534147, 0, 0, 0.44268, 0.89668
-0.173712, -0.0598812, 0, 0, 0.443071, 0.896486
-0.178296, -0.0658777, 0, 0, 0.443228, 0.896409
-0.182827, -0.0718081, 0, 0, 0.443384, 0.896332
-0.187589, -0.0780451, 0, 0, 0.443932, 0.896061
-0.192472, -0.0844575, 0, 0, 0.444244, 0.895906
-0.197247, -0.0907376, 0, 0, 0.444479, 0.895789
-0.201555, -0.0964089, 0, 0, 0.444557, 0.895751
-0.20563, -0.101775, 0, 0, 0.444792, 0.895634
-0.209831, -0.107314, 0, 0, 0.445495, 0.895285
-0.21428, -0.113199, 0, 0, 0.445885, 0.89509
-0.218699, -0.119054, 0, 0, 0.446198, 0.894934
-0.222497, -0.124095, 0, 0, 0.446354, 0.894856
-0.226063, -0.12883, 0, 0, 0.44651, 0.894779
-0.229601, -0.133532, 0, 0, 0.446744, 0.894662
-0.233342, -0.13851, 0, 0, 0.447057, 0.894506
-0.237182, -0.143626, 0, 0, 0.447447, 0.89431
-0.240379, -0.147892, 0, 0, 0.447603, 0.894232
-0.243241, -0.151716, 0, 0, 0.447681, 0.894193
-0.245975, -0.155369, 0, 0, 0.448071, 0.893998
-0.249012, -0.159435, 0, 0, 0.448539, 0.893763
-0.252173, -0.163675, 0, 0, 0.448617, 0.893724
-0.254135, -0.166308, 0, 0, 0.448539, 0.893763
-0.255817, -0.168564, 0, 0, 0.448617, 0.893724
-0.257677, -0.171061, 0, 0, 0.449241, 0.893411
-0.260042, -0.174244, 0, 0, 0.449943, 0.893057
-0.262377, -0.177398, 0, 0, 0.45041, 0.892822
-0.26334, -0.178701, 0, 0, 0.450332, 0.892861
-0.264075, -0.179695, 0, 0, 0.450566, 0.892743
-0.264885, -0.180793, 0, 0, 0.451501, 0.892271
-0.266199, -0.18258, 0, 0, 0.452357, 0.891837
-0.267635, -0.184541, 0, 0, 0.45259, 0.891719
-0.267912, -0.18492, 0, 0, 0.45259, 0.891719
-0.267862, -0.184851, 0, 0, 0.452746, 0.89164
-0.267887, -0.184886, 0, 0, 0.453057, 0.891481
-0.268138, -0.18523, 0, 0, 0.453524, 0.891244
-0.268464, -0.185678, 0, 0, 0.453835, 0.891086
-0.267612, -0.184506, 0, 0, 0.453913, 0.891046
-0.266584, -0.183091, 0, 0, 0.453757, 0.891125
-0.265631, -0.181781, 0, 0, 0.454146, 0.890927
-0.26523, -0.181228, 0, 0, 0.45469, 0.89065
-0.264905, -0.180779, 0, 0, 0.454612, 0.890689
-0.262928, -0.178051, 0, 0, 0.454146, 0.890927
-0.260849, -0.175187, 0, 0, 0.454224, 0.890888
-0.25907, -0.172736, 0, 0, 0.45469, 0.89065
-0.257769, -0.17094, 0, 0, 0.455312, 0.890332
-0.256596, -0.169315, 0, 0, 0.455856, 0.890054
-0.25383, -0.165474, 0, 0, 0.456322, 0.889815
-0.250893, -0.161387, 0, 0, 0.456399, 0.889775
-0.248007, -0.157369, 0, 0, 0.456322, 0.889815
-0.245693, -0.154149, 0, 0, 0.456399, 0.889775
-0.243653, -0.151308, 0, 0, 0.456865, 0.889536
-0.240274, -0.146594, 0, 0, 0.457253, 0.889337
-0.236626, -0.141496, 0, 0, 0.457408, 0.889257
-0.233055, -0.1365, 0, 0, 0.457564, 0.889177
-0.229956, -0.132162, 0, 0, 0.457951, 0.888977
-0.22706, -0.1281, 0, 0, 0.458262, 0.888817
-0.223127, -0.122576, 0, 0, 0.458572, 0.888657
-0.218902, -0.116632, 0, 0, 0.458727, 0.888577
-0.214851, -0.110931, 0, 0, 0.45896, 0.888457
-0.211198, -0.105783, 0, 0, 0.459502, 0.888177
-0.207651, -0.100771, 0, 0, 0.4602, 0.887815
-0.20325, -0.094533, 0, 0, 0.460665, 0.887574
-0.198611, -0.0879419, 0, 0, 0.460665, 0.887574
-0.19407, -0.0814902, 0, 0, 0.460665, 0.887574
-0.189922, -0.0755966, 0, 0, 0.461052, 0.887373
-0.185901, -0.0698738, 0, 0, 0.461594, 0.887091
-0.181227, -0.0632031, 0, 0, 0.461749, 0.887011
-0.176408, -0.0563211, 0, 0, 0.461749, 0.887011
-0.171712, -0.0496139, 0, 0, 0.461826, 0.886971
-0.167237, -0.0432203, 0, 0, 0.462058, 0.88685
-0.162814, -0.0368942, 0, 0, 0.462755, 0.886486
-0.158181, -0.0302463, 0, 0, 0.462987, 0.886365
-0.153284, -0.0232109, 0, 0, 0.463064, 0.886325
-0.14851, -0.0163498, 0, 0, 0.463219, 0.886244
-0.143885, -0.009697, 0, 0, 0.463528, 0.886082
-0.13941, -0.0032512, 0, 0, 0.464147, 0.885758
-0.134992, 0.00313071, 0, 0, 0.464456, 0.885596
-0.130361, 0.00983144, 0, 0, 0.464688, 0.885475
-0.125661, 0.0166399, 0, 0, 0.465151, 0.885231
-0.120895, 0.0235586, 0, 0, 0.465615, 0.884988
-0.116378, 0.0301308, 0, 0, 0.466309, 0.884622
-0.112233, 0.0361824, 0, 0, 0.466695, 0.884418
-0.108213, 0.0420616, 0, 0, 0.466927, 0.884296
-0.10386, 0.0484359, 0, 0, 0.467081, 0.884214
-0.0993891, 0.0549879, 0, 0, 0.467313, 0.884092
-0.0949934, 0.0614365, 0, 0, 0.467698, 0.883888
-0.0911072, 0.0671485, 0, 0, 0.468238, 0.883602
-0.0875632, 0.0723712, 0, 0, 0.468932, 0.883234
-0.0839079, 0.077776, 0, 0, 0.469395, 0.882989
-0.0798528, 0.0837857, 0, 0, 0.469626, 0.882866
-0.0758247, 0.0897621, 0, 0, 0.469934, 0.882702
-0.0724198, 0.0948215, 0, 0, 0.470473, 0.882414
-0.0692826, 0.0994955, 0, 0, 0.471089, 0.882086
-0.0661993, 0.104103, 0, 0, 0.471705, 0.881757
-0.0630041, 0.108892, 0, 0, 0.47232, 0.881427
-0.0596975, 0.113863, 0, 0, 0.472628, 0.881262
-0.0570314, 0.117878, 0, 0, 0.473012, 0.881056
-0.0545809, 0.121574, 0, 0, 0.473243, 0.880932
-0.0522029, 0.125166, 0, 0, 0.473473, 0.880808
-0.0497798, 0.128829, 0, 0, 0.474319, 0.880353
-0.0472933, 0.132605, 0, 0, 0.47501, 0.87998
-0.0457957, 0.134886, 0, 0, 0.475317, 0.879815
-0.0442996, 0.137169, 0, 0, 0.475547, 0.87969
-0.0426879, 0.139631, 0, 0, 0.476008, 0.879441
-0.0409389, 0.142309, 0, 0, 0.476929, 0.878942
-0.0393117, 0.144812, 0, 0, 0.477542, 0.878609
-0.0386622, 0.145814, 0, 0, 0.478155, 0.878275
-0.0380604, 0.146745, 0, 0, 0.478615, 0.878025
-0.0373441, 0.147856, 0, 0, 0.479228, 0.87769
-0.036514, 0.149148, 0, 0, 0.479228, 0.87769
-0.0357762, 0.150296, 0, 0, 0.479075, 0.877774
-0.0359607, 0.150009, 0, 0, 0.479075, 0.877774
-0.0359607, 0.150009, 0, 0, 0.479305, 0.877649
-0.0359838, 0.149973, 0, 0, 0.480377, 0.877062
-0.0359838, 0.149973, 0, 0, 0.481601, 0.876391
-0.0360981, 0.149793, 0, 0, 0.4829, 0.875675
-0.0371449, 0.148134, 0, 0, 0.483664, 0.875254
-0.0380526, 0.14669, 0, 0, 0.483893, 0.875127
-0.0390503, 0.1451, 0, 0, 0.483741, 0.875211
-0.0398444, 0.143837, 0, 0, 0.483588, 0.875296
-0.040707, 0.142465, 0, 0, 0.483588, 0.875296
-0.0426138, 0.139432, 0, 0, 0.483664, 0.875254
-0.0444519, 0.136507, 0, 0, 0.48397, 0.875085
-0.0462654, 0.133618, 0, 0, 0.484886, 0.874577
-0.0478695, 0.131049, 0, 0, 0.485573, 0.874196
-0.0494921, 0.128443, 0, 0, 0.486183, 0.873857
-0.0521228, 0.124203, 0, 0, 0.486869, 0.873475
-0.0546572, 0.120104, 0, 0, 0.487326, 0.87322
-0.0572097, 0.115967, 0, 0, 0.488012, 0.872837
-0.0596217, 0.112043, 0, 0, 0.488469, 0.872581
-0.061985, 0.108189, 0, 0, 0.488697, 0.872453
-0.0651259, 0.103062, 0, 0, 0.48885, 0.872368
-0.0682874, 0.0978968, 0, 0, 0.48923, 0.872155
-0.0715332, 0.0925835, 0, 0, 0.489687, 0.871898
-0.0745959, 0.087558, 0, 0, 0.490143, 0.871642
-0.0775204, 0.0827481, 0, 0, 0.490371, 0.871514
-0.0812172, 0.0766608, 0, 0, 0.4906, 0.871385
-0.0850435, 0.0703528, 0, 0, 0.49098, 0.871171
-0.0887538, 0.0642238, 0, 0, 0.491208, 0.871042
-0.0922403, 0.0584579, 0, 0, 0.49136, 0.870957
-0.0956586, 0.0528002, 0, 0, 0.491512, 0.870871
-0.0996039, 0.0462652, 0, 0, 0.49174, 0.870742
-0.103634, 0.039582, 0, 0, 0.492044, 0.87057
-0.107703, 0.0328229, 0, 0, 0.492272, 0.870442
-0.111637, 0.0262809, 0, 0, 0.492879, 0.870098
-0.11543, 0.019953, 0, 0, 0.493487, 0.869753
-0.119674, 0.012851, 0, 0, 0.493942, 0.869495
-0.123998, 0.00559797, 0, 0, 0.494549, 0.86915
-0.128202, -0.00147774, 0, 0, 0.494625, 0.869107
-0.132231, -0.00826086, 0, 0, 0.494776, 0.86902
-0.136236, -0.0150087, 0, 0, 0.495155, 0.868804
-0.140344, -0.0219435, 0, 0, 0.49561, 0.868545
-0.144597, -0.0291396, 0, 0, 0.495989, 0.868329
-0.148886, -0.0364129, 0, 0, 0.49652, 0.868026
-0.152929, -0.043287, 0, 0, 0.49705, 0.867722
-0.156963, -0.0501661, 0, 0, 0.497428, 0.867505
-0.160948, -0.0569751, 0, 0, 0.497807, 0.867288
-0.164906, -0.0637508, 0, 0, 0.498185, 0.867071
-0.169008, -0.0707878, 0, 0, 0.498412, 0.86694
-0.173085, -0.0777901, 0, 0, 0.498412, 0.86694
-0.177055, -0.0846081, 0, 0, 0.498336, 0.866984
-0.18079, -0.0910201, 0, 0, 0.498639, 0.86681
-0.184327, -0.0971028, 0, 0, 0.498866, 0.866679
-0.188033, -0.103482, 0, 0, 0.499093, 0.866549
-0.191799, -0.109975, 0, 0, 0.499168, 0.866505
-0.19565, -0.116615, 0, 0, 0.49932, 0.866418
-0.199071, -0.122519, 0, 0, 0.499698, 0.8662
-0.202145, -0.127835, 0, 0, 0.5, 0.866025
-0.205259, -0.133227, 0, 0, 0.500378, 0.865807
-0.208686, -0.139177, 0, 0, 0.50068, 0.865632
-0.212174, -0.145239, 0, 0, 0.501284, 0.865283
-0.215059, -0.15027, 0, 0, 0.501511, 0.865151
-0.217751, -0.15497, 0, 0, 0.501737, 0.86502
-0.220207, -0.159264, 0, 0, 0.501964, 0.864889
-0.22283, -0.163856, 0, 0, 0.502416, 0.864626
-0.225639, -0.168784, 0, 0, 0.50302, 0.864275
-0.227871, -0.172714, 0, 0, 0.50302, 0.864275
-0.229809, -0.176126, 0, 0, 0.502945, 0.864319
-0.231643, -0.179351, 0, 0, 0.503171, 0.864187
-0.233706, -0.182986, 0, 0, 0.503623, 0.863923
-0.235975, -0.186994, 0, 0, 0.504226, 0.863572
-0.23717, -0.189111, 0, 0, 0.504377, 0.863484
-0.238092, -0.190745, 0, 0, 0.504678, 0.863307
-0.239138, -0.192603, 0, 0, 0.505055, 0.863087
-0.240642, -0.19528, 0, 0, 0.505431, 0.862867
-0.242164, -0.197996, 0, 0, 0.505431, 0.862867
-0.242498, -0.198591, 0, 0, 0.505206, 0.862999
-0.242581, -0.198739, 0, 0, 0.505206, 0.862999
-0.242832, -0.199186, 0, 0, 0.505733, 0.86269
-0.243499, -0.200376, 0, 0, 0.506335, 0.862337
-0.244143, -0.201531, 0, 0, 0.506861, 0.862028
-0.243811, -0.200935, 0, 0, 0.507012, 0.861939
-0.243334, -0.200077, 0, 0, 0.507162, 0.861851
-0.2429, -0.199294, 0, 0, 0.507313, 0.861762
-0.242837, -0.199183, 0, 0, 0.507463, 0.861673
-0.242755, -0.199033, 0, 0, 0.507614, 0.861585
-0.241494, -0.196758, 0, 0, 0.507839, 0.861452
-0.24009, -0.194221, 0, 0, 0.507914, 0.861408
-0.238893, -0.192056, 0, 0, 0.508065, 0.861319
-0.238088, -0.190601, 0, 0, 0.508666, 0.860964
-0.23745, -0.189443, 0, 0, 0.508741, 0.86092
-0.235393, -0.185707, 0, 0, 0.508666, 0.860964
-0.233274, -0.18186, 0, 0, 0.508591, 0.861008
-0.231277, -0.178237, 0, 0, 0.508891, 0.860831
-0.229653, -0.175285, 0, 0, 0.509867, 0.860253
-0.22824, -0.172704, 0, 0, 0.510543, 0.859852
-0.22575, -0.168136, 0, 0, 0.510843, 0.859674
-0.222977, -0.163042, 0, 0, 0.510843, 0.859674
-0.220286, -0.158097, 0, 0, 0.510918, 0.859629
-0.217982, -0.153864, 0, 0, 0.511443, 0.859317
-0.215868, -0.149966, 0, 0, 0.511968, 0.859005
-0.212885, -0.144452, 0, 0, 0.512193, 0.858871
-0.209601, -0.138374, 0, 0, 0.512493, 0.858692
-0.206241, -0.132143, 0, 0, 0.512867, 0.858468
-0.20333, -0.126735, 0, 0, 0.513466, 0.85811
-0.200709, -0.12185, 0, 0, 0.514065, 0.857751
-0.197311, -0.115494, 0, 0, 0.514365, 0.857572
-0.193637, -0.108609, 0, 0, 0.51444, 0.857527
-0.190003, -0.101799, 0, 0, 0.51444, 0.857527
-0.186751, -0.0957031, 0, 0, 0.514664, 0.857392
-0.183643, -0.0898694, 0, 0, 0.515113, 0.857122
-0.180061, -0.0831287, 0, 0, 0.515412, 0.856942
-0.176163, -0.0757827, 0, 0, 0.515562, 0.856853
-0.172208, -0.0683223, 0, 0, 0.515786, 0.856718
-0.168536, -0.0613875, 0, 0, 0.516309, 0.856402
-0.165112, -0.0549008, 0, 0, 0.516832, 0.856087
-0.161417, -0.0478816, 0, 0, 0.517131, 0.855906
-0.15745, -0.0403313, 0, 0, 0.517355, 0.855771
-0.153486, -0.0327789, 0, 0, 0.517654, 0.85559
-0.149746, -0.0256392, 0, 0, 0.517878, 0.855455
-0.146147, -0.0187621, 0, 0, 0.518251, 0.855229
-0.142516, -0.0118063, 0, 0, 0.518699, 0.854957
-0.138734, -0.0045441, 0, 0, 0.518997, 0.854776
-0.134799, 0.00302347, 0, 0, 0.519445, 0.854504
-0.130951, 0.0104437, 0, 0, 0.519966, 0.854187
-0.127289, 0.0175277, 0, 0, 0.520488, 0.853869
-0.123811, 0.024275, 0, 0, 0.52101, 0.853551
-0.120321, 0.0310645, 0, 0, 0.521308, 0.853369
-0.116681, 0.03816, 0, 0, 0.521531, 0.853232
-0.113005, 0.0453333, 0, 0, 0.521605, 0.853187
-0.109448, 0.0522794, 0, 0, 0.52168, 0.853141
-0.106202, 0.0586189, 0, 0, 0.521978, 0.852959
-0.103097, 0.0646947, 0, 0, 0.522424, 0.852686
-0.0998822, 0.0710018, 0, 0, 0.522499, 0.85264
-0.0965134, 0.0776135, 0, 0, 0.522647, 0.852549
-0.093147, 0.0842263, 0, 0, 0.523019, 0.852321
-0.090076, 0.0902717, 0, 0, 0.523391, 0.852093
-0.0871645, 0.0960155, 0, 0, 0.524357, 0.851498
-0.0844388, 0.101423, 0, 0, 0.5251, 0.85104
-0.08178, 0.106721, 0, 0, 0.52562, 0.850719
-0.0789749, 0.112328, 0, 0, 0.525843, 0.850582
-0.0765731, 0.117134, 0, 0, 0.525843, 0.850582
-0.0742285, 0.121827, 0, 0, 0.525769, 0.850628
-0.0720356, 0.126213, 0, 0, 0.525991, 0.85049
-0.069826, 0.130639, 0, 0, 0.526585, 0.850123
-0.0675466, 0.135221, 0, 0, 0.527401, 0.849617
-0.0659193, 0.138508, 0, 0, 0.528142, 0.849156
-0.0644863, 0.141415, 0, 0, 0.528587, 0.848879
-0.0629811, 0.144477, 0, 0, 0.528957, 0.848649
-0.0613846, 0.147731, 0, 0, 0.529475, 0.848325
-0.0599046, 0.150758, 0, 0, 0.529697, 0.848187
-0.0590811, 0.152444, 0, 0, 0.528735, 0.848787
-0.0582163, 0.154205, 0, 0, 0.52829, 0.849064
-0.0572742, 0.156118, 0, 0, 0.528216, 0.84911
-0.0563694, 0.157954, 0, 0, 0.528883, 0.848695
-0.0554864, 0.159753, 0, 0, 0.530437, 0.847724
-0.0553745, 0.159983, 0, 0, 0.532802, 0.84624
-0.0552639, 0.160214, 0, 0, 0.533836, 0.845588
-0.0550255, 0.160714, 0, 0, 0.534279, 0.845308
-0.0546961, 0.161408, 0, 0, 0.534057, 0.845448
-0.0544763, 0.16187, 0, 0, 0.533541, 0.845774
-0.0551007, 0.160561, 0, 0, 0.533541, 0.845774
-0.0555048, 0.159715, 0, 0, 0.534057, 0.845448
-0.0558162, 0.15906, 0, 0, 0.534942, 0.844889
-0.0559986, 0.158674, 0, 0, 0.536121, 0.844141
-0.0562887, 0.158057, 0, 0, 0.537152, 0.843485
-0.0573889, 0.1557, 0, 0, 0.537741, 0.84311
-0.0585758, 0.153147, 0, 0, 0.539065, 0.842264
-0.0597903, 0.150514, 0, 0, 0.540828, 0.841133
-0.0608522, 0.148186, 0, 0, 0.542661, 0.839952
-0.0618689, 0.145931, 0, 0, 0.545224, 0.83829
-0.0635634, 0.142111, 0, 0, 0.54676, 0.83729
-0.0651582, 0.13848, 0, 0, 0.547636, 0.836717
-0.0668649, 0.134571, 0, 0, 0.547709, 0.836669
-0.0685879, 0.130624, 0, 0, 0.547417, 0.83686
-0.0703479, 0.126599, 0, 0, 0.54676, 0.83729
-0.0725257, 0.12164, 0, 0, 0.545956, 0.837814
-0.0746614, 0.116803, 0, 0, 0.545444, 0.838147
-0.0769239, 0.111695, 0, 0, 0.545663, 0.838005
-0.0791319, 0.106702, 0, 0, 0.546467, 0.83748
-0.0813132, 0.101745, 0, 0, 0.547636, 0.836717
-0.0840609, 0.0954528, 0, 0, 0.548293, 0.836286
-0.0867987, 0.0891563, 0, 0, 0.548804, 0.835951
-0.0894949, 0.0829346, 0, 0, 0.54895, 0.835855
-0.0920026, 0.0771426, 0, 0, 0.54895, 0.835855
-0.0944933, 0.0713896, 0, 0, 0.54895, 0.835855
-0.0974754, 0.0645017, 0, 0, 0.549023, 0.835807
-0.100439, 0.0576525, 0, 0, 0.549169, 0.835712
-0.103485, 0.0506065, 0, 0, 0.549679, 0.835376
-0.106405, 0.0438309, 0, 0, 0.550699, 0.834704
-0.109224, 0.0372442, 0, 0, 0.551209, 0.834367
-0.112353, 0.0299088, 0, 0, 0.551427, 0.834223
-0.115494, 0.0225326, 0, 0, 0.551719, 0.83403
-0.118714, 0.0149579, 0, 0, 0.551937, 0.833886
-0.12183, 0.00761701, 0, 0, 0.552228, 0.833693
-0.124858, 0.000470326, 0, 0, 0.552228, 0.833693
-0.128019, -0.0069905, 0, 0, 0.552446, 0.833549
-0.131259, -0.0146494, 0, 0, 0.552737, 0.833356
-0.134477, -0.0222712, 0, 0, 0.552955, 0.833211
-0.137658, -0.0298161, 0, 0, 0.553319, 0.83297
-0.140815, -0.0373245, 0, 0, 0.553464, 0.832873
-0.143888, -0.0446374, 0, 0, 0.55361, 0.832776
-0.146975, -0.0519907, 0, 0, 0.553755, 0.83268
-0.150124, -0.0595024, 0, 0, 0.553828, 0.832631
-0.153306, -0.0670933, 0, 0, 0.553828, 0.832631
-0.156455, -0.0746056, 0, 0, 0.5539, 0.832583
-0.159388, -0.081607, 0, 0, 0.553973, 0.832535
-0.16227, -0.088491, 0, 0, 0.554118, 0.832438
-0.165183, -0.0954546, 0, 0, 0.554481, 0.832196
-0.168221, -0.102736, 0, 0, 0.554627, 0.832099
-0.171208, -0.1099, 0, 0, 0.554627, 0.832099
-0.173866, -0.116276, 0, 0, 0.554917, 0.831906
-0.176405, -0.122379, 0, 0, 0.555425, 0.831567
-0.179035, -0.128722, 0, 0, 0.556151, 0.831082
-0.181735, -0.135266, 0, 0, 0.556368, 0.830936
-0.184448, -0.141851, 0, 0, 0.556513, 0.830839
-0.186834, -0.147648, 0, 0, 0.556586, 0.83079
-0.189008, -0.152933, 0, 0, 0.556731, 0.830693
-0.19118, -0.158219, 0, 0, 0.557093, 0.83045
-0.193509, -0.163901, 0, 0, 0.557383, 0.830256
-0.195883, -0.169703, 0, 0, 0.5576, 0.83011
-0.19777, -0.174322, 0, 0, 0.557745, 0.830012
-0.199397, -0.17831, 0, 0, 0.557962, 0.829866
-0.200974, -0.18218, 0, 0, 0.558397, 0.829574
-0.202756, -0.186566, 0, 0, 0.558976, 0.829184
-0.204643, -0.191231, 0, 0, 0.559338, 0.82894
-0.205825, -0.194157, 0, 0, 0.559338, 0.82894
-0.206926, -0.196886, 0, 0, 0.559265, 0.828989
-0.20798, -0.199496, 0, 0, 0.559482, 0.828842
-0.209256, -0.20266, 0, 0, 0.559699, 0.828696
-0.210641, -0.206102, 0, 0, 0.559772, 0.828647
-0.211199, -0.207486, 0, 0, 0.559699, 0.828696
-0.211501, -0.208238, 0, 0, 0.560061, 0.828452
-0.211962, -0.209386, 0, 0, 0.560567, 0.828109
-0.212739, -0.211326, 0, 0, 0.560856, 0.827914
-0.213529, -0.213306, 0, 0, 0.561145, 0.827718
-0.213466, -0.213148, 0, 0, 0.561289, 0.82762
-0.213293, -0.212712, 0, 0, 0.561361, 0.827571
-0.213198, -0.212474, 0, 0, 0.561722, 0.827326
-0.213277, -0.212672, 0, 0, 0.562733, 0.826639
-0.213355, -0.212871, 0, 0, 0.563526, 0.826098
-0.212764, -0.211362, 0, 0, 0.563598, 0.826049
-0.212017, -0.209456, 0, 0, 0.563093, 0.826393
-0.21144, -0.207987, 0, 0, 0.563093, 0.826393
-0.211143, -0.207233, 0, 0, 0.563166, 0.826344
-0.210816, -0.2064, 0, 0, 0.563238, 0.826295
-0.209428, -0.202867, 0, 0, 0.563526, 0.826098
-0.208044, -0.199333, 0, 0, 0.564103, 0.825705
-0.206803, -0.196155, 0, 0, 0.564607, 0.82536
-0.205876, -0.19377, 0, 0, 0.565039, 0.825064
-0.205074, -0.191702, 0, 0, 0.565471, 0.824768
-0.203291, -0.187088, 0, 0, 0.565615, 0.82467
-0.201371, -0.182115, 0, 0, 0.565399, 0.824818
-0.199587, -0.177501, 0, 0, 0.565399, 0.824818
-0.198064, -0.173563, 0, 0, 0.565831, 0.824521
-0.196714, -0.170061, 0, 0, 0.56619, 0.824274
-0.194511, -0.164329, 0, 0, 0.56655, 0.824027
-0.19219, -0.158277, 0, 0, 0.566766, 0.823879
-0.189979, -0.152502, 0, 0, 0.56691, 0.82378
-0.188029, -0.147403, 0, 0, 0.567125, 0.823632
-0.186203, -0.142623, 0, 0, 0.567341, 0.823483
-0.183696, -0.136048, 0, 0, 0.5677, 0.823235
-0.181013, -0.128992, 0, 0, 0.5677, 0.823235
-0.178452, -0.122256, 0, 0, 0.5677, 0.823235
-0.176117, -0.116117, 0, 0, 0.567987, 0.823037
-0.173939, -0.110375, 0, 0, 0.568346, 0.822789
-0.171191, -0.103116, 0, 0, 0.568634, 0.822591
-0.168253, -0.0953368, 0, 0, 0.568705, 0.822541
-0.165407, -0.087796, 0, 0, 0.568849, 0.822442
-0.162834, -0.0809725, 0, 0, 0.569208, 0.822194
-0.160342, -0.0743463, 0, 0, 0.569997, 0.821647
-0.157504, -0.0667567, 0, 0, 0.570212, 0.821498
-0.154507, -0.0587261, 0, 0, 0.570284, 0.821448
-0.151615, -0.0509747, 0, 0, 0.570212, 0.821498
-0.148856, -0.0435834, 0, 0, 0.570284, 0.821448
-0.146157, -0.0363514, 0, 0, 0.570785, 0.821099
-0.143334, -0.0287563, 0, 0, 0.571, 0.82095
-0.140352, -0.02072, 0, 0, 0.571072, 0.8209
-0.13749, -0.013003, 0, 0, 0.571215, 0.8208
-0.13466, -0.00536502, 0, 0, 0.57143, 0.820651
-0.131864, 0.00219446, 0, 0, 0.571931, 0.820302
-0.129106, 0.00967732, 0, 0, 0.572361, 0.820002
-0.126356, 0.0171631, 0, 0, 0.572575, 0.819852
-0.123596, 0.0246903, 0, 0, 0.57279, 0.819702
-0.120839, 0.0322189, 0, 0, 0.573004, 0.819552
-0.118116, 0.039669, 0, 0, 0.573362, 0.819302
-0.115545, 0.0467207, 0, 0, 0.573576, 0.819152
-0.11308, 0.0534932, 0, 0, 0.573791, 0.819002
-0.110531, 0.0605075, 0, 0, 0.57422, 0.818701
-0.107873, 0.0678453, 0, 0, 0.574791, 0.8183
-0.105269, 0.0750664, 0, 0, 0.575148, 0.818049
-0.103004, 0.0813668, 0, 0, 0.575576, 0.817748
-0.100946, 0.0871075, 0, 0, 0.57579, 0.817597
-0.0987042, 0.0933713, 0, 0, 0.576004, 0.817447
-0.0963082, 0.100078, 0, 0, 0.576575, 0.817044
-0.0940358, 0.106467, 0, 0, 0.577216, 0.816591
-0.0921292, 0.111854, 0, 0, 0.577929, 0.816087
-0.0904019, 0.116761, 0, 0, 0.578427, 0.815734
-0.0886382, 0.121792, 0, 0, 0.578854, 0.815431
-0.0867251, 0.127267, 0, 0, 0.579281, 0.815128
-0.0848598, 0.132624, 0, 0, 0.579423, 0.815027
-0.0834167, 0.136772, 0, 0, 0.579495, 0.814976
-0.0819743, 0.140921, 0, 0, 0.579495, 0.814976
-0.0806019, 0.144869, 0, 0, 0.579779, 0.814774
-0.0792183, 0.148858, 0, 0, 0.580632, 0.814166
-0.0778292, 0.15289, 0, 0, 0.581129, 0.813811
-0.0769848, 0.15535, 0, 0, 0.581342, 0.813659
-0.0761556, 0.157771, 0, 0, 0.581555, 0.813507
-0.0753552, 0.160111, 0, 0, 0.582123, 0.813101
-0.0745031, 0.162614, 0, 0, 0.58262, 0.812745
-0.0735993, 0.16528, 0, 0, 0.582974, 0.812491
-0.0731896, 0.166492, 0, 0, 0.583399, 0.812185
-0.07289, 0.167381, 0, 0, 0.584108, 0.811676
-0.0726055, 0.16823, 0, 0, 0.58517, 0.810911
-0.0722561, 0.169283, 0, 0, 0.585524, 0.810655
-0.0718942, 0.170376, 0, 0, 0.585807, 0.810451
-0.0721751, 0.169525, 0, 0, 0.586231, 0.810144
-0.0723217, 0.16908, 0, 0, 0.586655, 0.809837
-0.0723749, 0.168918, 0, 0, 0.58715, 0.809478
-0.0723881, 0.168877, 0, 0, 0.58722, 0.809427
-0.072494, 0.168553, 0, 0, 0.587291, 0.809376
-0.0732745, 0.166161, 0, 0, 0.587573, 0.809171
-0.0739741, 0.164011, 0, 0, 0.587856, 0.808966
-0.0745404, 0.162267, 0, 0, 0.588138, 0.80876
-0.0750661, 0.160645, 0, 0, 0.58835, 0.808606
-0.0756435, 0.158859, 0, 0, 0.588562, 0.808452
-0.0768094, 0.155247, 0, 0, 0.588703, 0.80835
-0.0778825, 0.151919, 0, 0, 0.589267, 0.807938
-0.0789379, 0.14863, 0, 0, 0.589901, 0.807475
-0.0799622, 0.14542, 0, 0, 0.590535, 0.807012
-0.0809815, 0.142209, 0, 0, 0.590958, 0.806703
-0.0825889, 0.137126, 0, 0, 0.59131, 0.806445
-0.0840765, 0.132408, 0, 0, 0.59145, 0.806341
-0.0855368, 0.127771, 0, 0, 0.59138, 0.806393
-0.0869338, 0.123338, 0, 0, 0.591591, 0.806238
-0.0883413, 0.118863, 0, 0, 0.591802, 0.806083
-0.090283, 0.112678, 0, 0, 0.592013, 0.805928
-0.0922469, 0.106411, 0, 0, 0.592084, 0.805877
-0.0940951, 0.10051, 0, 0, 0.592365, 0.80567
-0.0958374, 0.0949336, 0, 0, 0.592646, 0.805463
-0.0975757, 0.0893557, 0, 0, 0.592857, 0.805308
-0.0997166, 0.0824738, 0, 0, 0.592997, 0.805204
-0.101906, 0.0754283, 0, 0, 0.593208, 0.805049
-0.104078, 0.0684223, 0, 0, 0.593419, 0.804894
-0.106121, 0.0618226, 0, 0, 0.59363, 0.804738
-0.108136, 0.0553034, 0, 0, 0.59391, 0.804531
-0.110447, 0.0478046, 0, 0, 0.594121, 0.804376
-0.112854, 0.0399785, 0, 0, 0.594191, 0.804324
-0.115185, 0.0323966, 0, 0, 0.594332, 0.80422
-0.117376, 0.0252623, 0, 0, 0.594612, 0.804013
-0.119562, 0.0181265, 0, 0, 0.595033, 0.803701
-0.121964, 0.0102542, 0, 0, 0.595734, 0.803182
-0.124353, 0.00237772, 0, 0, 0.596085, 0.802922
-0.126734, -0.00550085, 0, 0, 0.596365, 0.802713
-0.129037, -0.0131361, 0, 0, 0.596435, 0.802661
-0.131338, -0.0207717, 0, 0, 0.596505, 0.802609
-0.133711, -0.0286528, 0, 0, 0.596435, 0.802661
-0.136111, -0.0366151, 0, 0, 0.596505, 0.802609
-0.138496, -0.044537, 0, 0, 0.596575, 0.802557
-0.140831, -0.0522959, 0, 0, 0.596645, 0.802505
-0.143153, -0.0600145, 0, 0, 0.596645, 0.802505
-0.145389, -0.0674471, 0, 0, 0.596715, 0.802453
-0.147574, -0.0747168, 0, 0, 0.596855, 0.802349
-0.149867, -0.0823549, 0, 0, 0.596855, 0.802349
-0.152196, -0.0901155, 0, 0, 0.596855, 0.802349
-0.154489, -0.0977535, 0, 0, 0.596785, 0.802401
-0.156575, -0.104697, 0, 0, 0.596925, 0.802297
-0.158573, -0.111355, 0, 0, 0.597205, 0.802088
-0.160602, -0.118137, 0, 0, 0.597485, 0.80188
-0.162749, -0.125329, 0, 0, 0.597625, 0.801776
-0.164954, -0.132726, 0, 0, 0.597695, 0.801723
-0.166866, -0.139143, 0, 0, 0.597765, 0.801671
-0.168594, -0.144947, 0, 0, 0.598045, 0.801463
-0.170282, -0.15063, 0, 0, 0.598185, 0.801358
-0.172113, -0.156803, 0, 0, 0.598115, 0.80141
-0.174054, -0.163345, 0, 0, 0.597905, 0.801567
-0.175719, -0.168945, 0, 0, 0.597975, 0.801515
-0.177201, -0.173932, 0, 0, 0.598115, 0.80141
-0.17856, -0.178511, 0, 0, 0.598395, 0.801202
-0.179977, -0.183295, 0, 0, 0.598884, 0.800836
-0.181532, -0.188572, 0, 0, 0.599652, 0.800261
-0.182705, -0.192584, 0, 0, 0.599722, 0.800208
-0.183747, -0.196145, 0, 0, 0.599722, 0.800208
-0.18474, -0.199542, 0, 0, 0.599862, 0.800104
-0.185852, -0.203349, 0, 0, 0.600211, 0.799842
-0.18696, -0.207157, 0, 0, 0.60049, 0.799632
-0.187543, -0.209164, 0, 0, 0.60049, 0.799632
-0.187971, -0.210638, 0, 0, 0.60042, 0.799685
-0.188471, -0.212358, 0, 0, 0.60063, 0.799527
-0.189231, -0.21498, 0, 0, 0.601048, 0.799213
-0.190036, -0.217766, 0, 0, 0.601257, 0.799055
-0.190225, -0.218421, 0, 0, 0.601188, 0.799108
-0.19026, -0.218544, 0, 0, 0.601327, 0.799003
-0.190331, -0.21879, 0, 0, 0.601885, 0.798583
-0.190601, -0.219733, 0, 0, 0.602651, 0.798005
-0.190904, -0.220799, 0, 0, 0.60279, 0.7979
-0.19059, -0.219692, 0, 0, 0.60279, 0.7979
-0.19024, -0.218461, 0, 0, 0.60279, 0.7979
-0.189891, -0.21723, 0, 0, 0.603208, 0.797584
-0.189693, -0.216533, 0, 0, 0.604252, 0.796794
-0.189682, -0.216492, 0, 0, 0.60453, 0.796583
-0.18975, -0.216738, 0, 0, 0.60453, 0.796583
-0.189739, -0.216697, 0, 0, 0.60446, 0.796635
-0.189739, -0.216697, 0, 0, 0.604599, 0.79653
-0.189739, -0.216697, 0, 0, 0.605086, 0.79616
-0.189728, -0.216656, 0, 0, 0.605225, 0.796055
-0.189716, -0.216615, 0, 0, 0.605016, 0.796213
-0.189716, -0.216615, 0, 0, 0.604669, 0.796477
-0.189716, -0.216615, 0, 0, 0.604599, 0.79653
-0.189716, -0.216615, 0, 0, 0.604808, 0.796372
-0.189716, -0.216615, 0, 0, 0.604738, 0.796424
-0.189716, -0.216615, 0, 0, 0.604669, 0.796477
-0.189762, -0.216779, 0, 0, 0.60453, 0.796583
-0.189831, -0.217026, 0, 0, 0.604182, 0.796846
-0.189831, -0.217026, 0, 0, 0.603973, 0.797005
-0.189831, -0.217026, 0, 0, 0.603973, 0.797005
-0.189831, -0.217026, 0, 0, 0.603973, 0.797005
-0.189819, -0.216985, 0, 0, 0.603695, 0.797215
-0.189808, -0.216944, 0, 0, 0.603208, 0.797584
-0.189808, -0.216944, 0, 0, 0.603138, 0.797637
-0.189808, -0.216944, 0, 0, 0.603278, 0.797531
-0.189808, -0.216944, 0, 0, 0.603347, 0.797479
-0.189808, -0.216944, 0, 0, 0.603347, 0.797479
-0.189808, -0.216944, 0, 0, 0.603208, 0.797584
-0.189808, -0.216944, 0, 0, 0.603069, 0.797689
-0.189808, -0.216944, 0, 0, 0.602999, 0.797742
-0.189808, -0.216944, 0, 0, 0.602999, 0.797742
-0.189808, -0.216944, 0, 0, 0.603138, 0.797637
-0.189808, -0.216944, 0, 0, 0.603278, 0.797531
-0.189808, -0.216944, 0, 0, 0.603278, 0.797531
-0.189808, -0.216944, 0, 0, 0.603278, 0.797531
-0.189808, -0.216944, 0, 0, 0.603278, 0.797531
-0.189808, -0.216944, 0, 0, 0.603278, 0.797531
-0.189808, -0.216944, 0, 0, 0.603278, 0.797531
-0.189808, -0.216944, 0, 0, 0.603278, 0.797531
-0.189808, -0.216944, 0, 0, 0.603278, 0.797531
-0.189808, -0.216944, 0, 0, 0.603347, 0.797479
-0.189808, -0.216944, 0, 0, 0.603417, 0.797426
-0.189808, -0.216944, 0, 0, 0.603417, 0.797426
-0.189808, -0.216944, 0, 0, 0.603417, 0.797426
-0.189808, -0.216944, 0, 0, 0.603417, 0.797426
-0.189808, -0.216944, 0, 0, 0.603417, 0.797426
-0.189808, -0.216944, 0, 0, 0.603417, 0.797426
-0.189808, -0.216944, 0, 0, 0.603417, 0.797426
-0.189808, -0.216944, 0, 0, 0.603417, 0.797426
-0.189808, -0.216944, 0, 0, 0.603417, 0.797426
-0.189808, -0.216944, 0, 0, 0.603417, 0.797426
-0.189808, -0.216944, 0, 0, 0.603417, 0.797426
-0.189808, -0.216944, 0, 0, 0.603417, 0.797426
-0.189808, -0.216944, 0, 0, 0.603417, 0.797426
-0.189808, -0.216944, 0, 0, 0.603417, 0.797426
-0.189808, -0.216944, 0, 0, 0.603417, 0.797426
-0.189808, -0.216944, 0, 0, 0.603417, 0.797426
-0.189808, -0.216944, 0, 0, 0.603417, 0.797426
-0.189808, -0.216944, 0, 0, 0.603417, 0.797426
-0.189808, -0.216944, 0, 0, 0.603417, 0.797426
-0.189808, -0.216944, 0, 0, 0.603417, 0.797426
-0.189808, -0.216944, 0, 0, 0.603417, 0.797426
-0.189808, -0.216944, 0, 0, 0.603417, 0.797426
-0.189808, -0.216944, 0, 0, 0.603417, 0.797426
-0.189808, -0.216944, 0, 0, 0.603417, 0.797426
-0.189808, -0.216944, 0, 0, 0.603417, 0.797426
-0.189808, -0.216944, 0, 0, 0.603417, 0.797426
-0.189808, -0.216944, 0, 0, 0.603417, 0.797426
-0.189808, -0.216944, 0, 0, 0.603417, 0.797426
-0.189808, -0.216944, 0, 0, 0.603417, 0.797426
-0.189808, -0.216944, 0, 0, 0.603417, 0.797426
-0.189808, -0.216944, 0, 0, 0.603417, 0.797426
-0.189808, -0.216944, 0, 0, 0.603417, 0.797426
-0.189808, -0.216944, 0, 0, 0.603417, 0.797426
-0.189808, -0.216944, 0, 0, 0.603417, 0.797426
-0.189808, -0.216944, 0, 0, 0.603417, 0.797426
-0.189808, -0.216944, 0, 0, 0.603417, 0.797426
-0.189808, -0.216944, 0, 0, 0.603417, 0.797426
-0.189808, -0.216944, 0, 0, 0.603417, 0.797426
-0.189808, -0.216944, 0, 0, 0.603417, 0.797426
-0.189808, -0.216944, 0, 0, 0.603417, 0.797426
-0.189808, -0.216944, 0, 0, 0.603417, 0.797426
-0.189808, -0.216944, 0, 0, 0.603417, 0.797426
-0.189808, -0.216944, 0, 0, 0.603417, 0.797426
