3.96001e-10, -1.07214e-32, 1, 0, 0, 1.98001e-10, 3.96e-24, -3.72367e-41, -9.40214e-32, -3.72367e-41, 5.52112e-43, 1.56816e-33, -9.40214e-32, 1.56816e-33, 3.96e-24, 0
3.97001e-10, 1.6711e-32, 1, 0, 0, 1.98501e-10, 3.97e-24, -3.74245e-41, -9.42588e-32, -3.74245e-41, 5.56315e-43, 1.57609e-33, -9.42588e-32, 1.57609e-33, 3.97e-24, 0
3.98001e-10, -7.8441e-34, 1, 0, 0, 1.99001e-10, 3.98e-24, -3.76123e-41, -9.44963e-32, -3.76123e-41, 5.60519e-43, 1.58404e-33, -9.44963e-32, 1.58404e-33, 3.98e-24, 0
3.99001e-10, -1.34085e-32, 1, 0, 0, 1.99501e-10, 3.99e-24, -3.78014e-41, -9.47337e-32, -3.78014e-41, 5.64723e-43, 1.59201e-33, -9.47337e-32, 1.59201e-33, 3.99e-24, 0
4.00001e-10, 1.74437e-33, 1, 0, 0, 2.00001e-10, 4e-24, -3.7992e-41, -9.49711e-32, -3.7992e-41, 5.68927e-43, 1.6e-33, -9.49711e-32, 1.6e-33, 4e-24, 0
4.01001e-10, -1.35433e-32, 1, 0, 0, 2.00501e-10, 4.01e-24, -3.81826e-41, -9.52085e-32, -3.81826e-41, 5.73131e-43, 1.60801e-33, -9.52085e-32, 1.60801e-33, 4.01e-24, 0
4.02001e-10, -1.36109e-32, 1, 0, 0, 2.01001e-10, 4.02e-24, -3.83732e-41, -9.5446e-32, -3.83732e-41, 5.77335e-43, 1.61604e-33, -9.5446e-32, 1.61604e-33, 4.02e-24, 0
4.03001e-10, 1.722e-32, 1, 0, 0, 2.01501e-10, 4.03e-24, -3.85637e-41, -9.56834e-32, -3.85637e-41, 5.81539e-43, 1.62409e-33, -9.56834e-32, 1.62409e-33, 4.03e-24, 0
4.04001e-10, -1.63343e-32, 1, 0, 0, 2.02001e-10, 4.04e-24, -3.87543e-41, -9.59208e-32, -3.87543e-41, 5.85743e-43, 1.63216e-33, -9.59208e-32, 1.63216e-33, 4.04e-24, 0
4.05002e-10, -6.01323e-33, 1, 0, 0, 2.02501e-10, 4.05e-24, -3.89463e-41, -9.61582e-32, -3.89463e-41, 5.89947e-43, 1.64025e-33, -9.61582e-32, 1.64025e-33, 4.05e-24, 0
4.06002e-10, 1.79709e-33, 1, 0, 0, 2.03001e-10, 4.06e-24, -3.91397e-41, -9.63957e-32, -3.91397e-41, 5.94151e-43, 1.64836e-33, -9.63957e-32, 1.64836e-33, 4.06e-24, 0
4.07002e-10, -8.20287e-34, 1, 0, 0, 2.03501e-10, 4.07e-24, -3.9333e-41, -9.66331e-32, -3.9333e-41, 5.98354e-43, 1.65649e-33, -9.66331e-32, 1.65649e-33, 4.07e-24, 0
4.08002e-10, -8.24323e-34, 1, 0, 0, 2.04001e-10, 4.08e-24, -3.95264e-41, -9.68705e-32, -3.95264e-41, 6.02558e-43, 1.66464e-33, -9.68705e-32, 1.66464e-33, 4.08e-24, 0
4.09002e-10, -8.28369e-34, 1, 0, 0, 2.04501e-10, 4.09e-24, -3.97198e-41, -9.7108e-32, -3.97198e-41, 6.06762e-43, 1.67281e-33, -9.7108e-32, 1.67281e-33, 4.09e-24, 0
4.10002e-10, -1.4158e-32, 1, 0, 0, 2.05001e-10, 4.1e-24, -3.99132e-41, -9.73454e-32, -3.99132e-41, 6.10966e-43, 1.681e-33, -9.73454e-32, 1.681e-33, 4.1e-24, 0
4.11002e-10, 1.79104e-32, 1, 0, 0, 2.05501e-10, 4.11e-24, -4.0108e-41, -9.75828e-32, -4.0108e-41, 6.1517e-43, 1.68921e-33, -9.75828e-32, 1.68921e-33, 4.11e-24, 0
4.12002e-10, -8.40565e-34, 1, 0, 0, 2.06001e-10, 4.12e-24, -4.03041e-41, -9.78202e-32, -4.03041e-41, 6.19374e-43, 1.69744e-33, -9.78202e-32, 1.69744e-33, 4.12e-24, 0
4.13002e-10, 1.85959e-33, 1, 0, 0, 2.06501e-10, 4.13e-24, -4.05003e-41, -9.80577e-32, -4.05003e-41, 6.23578e-43, 1.70569e-33, -9.80577e-32, 1.70569e-33, 4.13e-24, 0
4.14002e-10, -8.48746e-34, 1, 0, 0, 2.07001e-10, 4.14e-24, -4.06965e-41, -9.82951e-32, -4.06965e-41, 6.27782e-43, 1.71396e-33, -9.82951e-32, 1.71396e-33, 4.14e-24, 0
4.15002e-10, 1.27997e-32, 1, 0, 0, 2.07501e-10, 4.15e-24, -4.08927e-41, -9.85325e-32, -4.08927e-41, 6.31986e-43, 1.72225e-33, -9.85325e-32, 1.72225e-33, 4.15e-24, 0
4.16002e-10, -8.56966e-34, 1, 0, 0, 2.08001e-10, 4.16e-24, -4.10889e-41, -9.87699e-32, -4.10889e-41, 6.3619e-43, 1.73056e-33, -9.87699e-32, 1.73056e-33, 4.16e-24, 0
4.17002e-10, -8.61091e-34, 1, 0, 0, 2.08501e-10, 4.17e-24, -4.12865e-41, -9.90074e-32, -4.12865e-41, 6.40393e-43, 1.73889e-33, -9.90074e-32, 1.73889e-33, 4.17e-24, 0
4.18002e-10, 1.29855e-32, 1, 0, 0, 2.09001e-10, 4.18e-24, -4.14854e-41, -9.92448e-32, -4.14854e-41, 6.44597e-43, 1.74724e-33, -9.92448e-32, 1.74724e-33, 4.18e-24, 0
4.19002e-10, -8.69371e-34, 1, 0, 0, 2.09501e-10, 4.19e-24, -4.16844e-41, -9.94822e-32, -4.16844e-41, 6.48801e-43, 1.75561e-33, -9.94822e-32, 1.75561e-33, 4.19e-24, 0
4.20002e-10, 1.92316e-33, 1, 0, 0, 2.10001e-10, 4.2e-24, -4.18834e-41, -9.97196e-32, -4.18834e-41, 6.53005e-43, 1.764e-33, -9.97196e-32, 1.764e-33, 4.2e-24, 0
4.21002e-10, 1.93233e-33, 1, 0, 0, 2.10501e-10, 4.21e-24, -4.20824e-41, -9.99571e-32, -4.20824e-41, 6.57209e-43, 1.77241e-33, -9.99571e-32, 1.77241e-33, 4.21e-24, 0
4.22002e-10, -1.78223e-32, 1, 0, 0, 2.11001e-10, 4.22e-24, -4.22828e-41, -1.00194e-31, -4.22828e-41, 6.61413e-43, 1.78084e-33, -1.00194e-31, 1.78084e-33, 4.22e-24, 0
4.23002e-10, 1.95074e-33, 1, 0, 0, 2.11501e-10, 4.23e-24, -4.24846e-41, -1.00432e-31, -4.24846e-41, 6.65617e-43, 1.78929e-33, -1.00432e-31, 1.78929e-33, 4.23e-24, 0
4.24002e-10, -8.90243e-34, 1, 0, 0, 2.12001e-10, 4.24e-24, -4.26864e-41, -1.00669e-31, -4.26864e-41, 6.69821e-43, 1.79776e-33, -1.00669e-31, 1.79776e-33, 4.24e-24, 0
4.25002e-10, -3.75812e-33, 1, 0, 0, 2.12501e-10, 4.25e-24, -4.28881e-41, -1.00907e-31, -4.28881e-41, 6.74025e-43, 1.80625e-33, -1.00907e-31, 1.80625e-33, 4.25e-24, 0
4.26002e-10, -1.52846e-32, 1, 0, 0, 2.13001e-10, 4.26e-24, -4.30899e-41, -1.01144e-31, -4.30899e-41, 6.78228e-43, 1.81476e-33, -1.01144e-31, 1.81476e-33, 4.26e-24, 0
4.27002e-10, 1.9878e-33, 1, 0, 0, 2.13501e-10, 4.27e-24, -4.32917e-41, -1.01382e-31, -4.32917e-41, 6.82432e-43, 1.82329e-33, -1.01382e-31, 1.82329e-33, 4.27e-24, 0
4.28002e-10, 1.99713e-33, 1, 0, 0, 2.14001e-10, 4.28e-24, -4.34949e-41, -1.01619e-31, -4.34949e-41, 6.86636e-43, 1.83184e-33, -1.01619e-31, 1.83184e-33, 4.28e-24, 0
4.29002e-10, -9.11364e-34, 1, 0, 0, 2.14501e-10, 4.29e-24, -4.36995e-41, -1.01856e-31, -4.36995e-41, 6.9084e-43, 1.84041e-33, -1.01856e-31, 1.84041e-33, 4.29e-24, 0
-0.0281353, -0.000139712, 0.999988, 0, 0, 0.00496577, 7.90724e-06, 3.95302e-08, 4.45927e-10, 3.95302e-08, 1.77366e-09, -1.11646e-07, 4.45926e-10, -1.11646e-07, 7.90921e-06, 0
-0.0630289, -0.000648033, 0.999953, 0, 0, 0.00969134, 2.03466e-05, 2.26746e-07, 4.20102e-09, 2.26746e-07, 2.65496e-08, -6.13981e-07, 4.20102e-09, -6.13981e-07, 2.03746e-05, 0
-0.101846, -0.00155665, 0.999901, 0, 0, 0.0140531, 3.66436e-05, 6.33123e-07, 1.40813e-08, 6.33123e-07, 1.29312e-07, -1.78278e-06, 1.40813e-08, -1.78278e-06, 3.67955e-05, 0
-0.142537, -0.00283794, 0.999836, 0, 0, 0.0181144, 5.51201e-05, 1.27457e-06, 2.86389e-08, 1.27457e-06, 3.96408e-07, -3.81167e-06, 2.86389e-08, -3.81167e-06, 5.56341e-05, 0
-0.184042, -0.00445906, 0.999757, 0, 0, 0.0220236, 7.35186e-05, 2.1026e-06, 4.22509e-08, 2.1026e-06, 9.19994e-07, -6.70883e-06, 4.22509e-08, -6.70883e-06, 7.47993e-05, 0
-0.223029, -0.00615936, 0.999682, 0, 0, 0.025236, 8.96086e-05, 3.02096e-06, 4.97737e-08, 3.02096e-06, 1.75694e-06, -1.02627e-05, 4.97737e-08, -1.02627e-05, 9.21639e-05, 0
-0.260693, -0.00809725, 0.999583, 0, 0, 0.0288724, 0.000101714, 3.88483e-06, 4.47475e-08, 3.88483e-06, 2.88955e-06, -1.4091e-05, 4.47476e-08, -1.4091e-05, 0.000106017, 0
-0.295405, -0.00984921, 0.9995, 0, 0, 0.031627, 0.000108959, 4.60535e-06, 3.39177e-08, 4.60535e-06, 4.22229e-06, -1.77447e-05, 3.39178e-08, -1.77447e-05, 0.000115309, 0
-0.324229, -0.0113153, 0.999413, 0, 0, 0.0342574, 0.00011127, 5.07374e-06, 1.05809e-08, 5.07373e-06, 5.58905e-06, -2.08147e-05, 1.05812e-08, -2.08147e-05, 0.000119713, 0
-0.349235, -0.0126399, 0.999309, 0, 0, 0.037176, 0.000109203, 5.26037e-06, -2.67201e-08, 5.26037e-06, 6.80337e-06, -2.30069e-05, -2.67198e-08, -2.30069e-05, 0.000119557, 0
-0.368253, -0.0134291, 0.999209, 0, 0, 0.0397682, 0.000103767, 5.18729e-06, -7.91936e-08, 5.18729e-06, 7.69873e-06, -2.41692e-05, -7.91934e-08, -2.41692e-05, 0.000115686, 0
-0.379063, -0.0137425, 0.999084, 0, 0, 0.0427846, 9.62754e-05, 4.91283e-06, -1.58273e-07, 4.91283e-06, 8.16212e-06, -2.42861e-05, -1.58273e-07, -2.42861e-05, 0.000109344, 0
-0.380614, -0.0216746, 0.997823, 0, 0, 0.0659515, 8.82177e-05, 4.54321e-06, -2.72709e-07, 4.54321e-06, 8.15626e-06, -2.34403e-05, -2.72709e-07, -2.34403e-05, 0.00010203, 0
-0.376585, -0.0197906, 0.997722, 0, 0, 0.0674656, 8.11248e-05, 4.21296e-06, -4.07461e-07, 4.21296e-06, 7.72133e-06, -2.17597e-05, -4.07461e-07, -2.17597e-05, 9.5328e-05, 0
-0.363543, -0.0166296, 0.997627, 0, 0, 0.068853, 7.63961e-05, 4.14636e-06, -6.49175e-07, 4.14636e-06, 6.97989e-06, -1.93691e-05, -6.49174e-07, -1.93691e-05, 9.06937e-05, 0
-0.342999, -0.0125371, 0.997508, 0, 0, 0.0705475, 7.50899e-05, 4.52831e-06, -1.00791e-06, 4.52831e-06, 6.10195e-06, -1.63458e-05, -1.00791e-06, -1.63458e-05, 8.9218e-05, 0
-0.315264, -0.00740197, 0.997431, 0, 0, 0.0716314, 7.77024e-05, 5.46709e-06, -1.51138e-06, 5.46709e-06, 5.28011e-06, -1.27249e-05, -1.51138e-06, -1.27249e-05, 9.1363e-05, 0
-0.282026, -0.00168814, 0.997361, 0, 0, 0.0725967, 8.40085e-05, 6.93673e-06, -2.19797e-06, 6.93674e-06, 4.69521e-06, -8.54251e-06, -2.19797e-06, -8.54252e-06, 9.67914e-05, 0
-0.244775, 0.00435627, 0.997369, 0, 0, 0.072492, 9.30443e-05, 8.78345e-06, -3.10616e-06, 8.78346e-06, 4.48871e-06, -3.90893e-06, -3.10616e-06, -3.90893e-06, 0.000104379, 0
-0.204993, 0.010323, 0.997369, 0, 0, 0.0724978, 0.000103308, 1.07132e-05, -4.23332e-06, 1.07132e-05, 4.71524e-06, 9.39737e-07, -4.23332e-06, 9.39736e-07, 0.000112478, 0
-0.165351, 0.0157955, 0.997417, 0, 0, 0.0718298, 0.000113085, 1.24413e-05, -5.53108e-06, 1.24413e-05, 5.34618e-06, 5.64262e-06, -5.53108e-06, 5.64262e-06, 0.000119353, 0
-0.125384, 0.0206226, 0.997524, 0, 0, 0.07033, 0.000120837, 1.37e-05, -6.87459e-06, 1.37e-05, 6.25137e-06, 9.79961e-06, -6.87459e-06, 9.79961e-06, 0.000123624, 0
-0.0870153, 0.0248096, 0.99759, 0, 0, 0.0693882, 0.000125473, 1.43254e-05, -8.10395e-06, 1.43254e-05, 7.24335e-06, 1.30755e-05, -8.10395e-06, 1.30755e-05, 0.000124513, 0
-0.0533866, 0.0278682, 0.997668, 0, 0, 0.0682582, 0.000126445, 1.43311e-05, -9.09177e-06, 1.43312e-05, 8.14556e-06, 1.52762e-05, -9.09177e-06, 1.52762e-05, 0.000121875, 0
-0.0219467, 0.030604, 0.997669, 0, 0, 0.0682376, 0.000123771, 1.37955e-05, -9.73478e-06, 1.37955e-05, 8.81004e-06, 1.63778e-05, -9.73478e-06, 1.63778e-05, 0.000116073, 0
0.00395251, 0.0324694, 0.997649, 0, 0, 0.0685279, 0.000117939, 1.28785e-05, -1.00303e-05, 1.28785e-05, 9.1576e-06, 1.64777e-05, -1.00303e-05, 1.64777e-05, 0.000107807, 0
0.0221199, 0.0333852, 0.997584, 0, 0, 0.0694686, 0.000109829, 1.17401e-05, -1.00013e-05, 1.17401e-05, 9.16885e-06, 1.57563e-05, -1.00013e-05, 1.57563e-05, 9.80247e-05, 0
0.0338952, 0.0337478, 0.997446, 0, 0, 0.0714296, 0.000100605, 1.05555e-05, -9.70883e-06, 1.05555e-05, 8.88357e-06, 1.44173e-05, -9.70883e-06, 1.44173e-05, 8.78496e-05, 0
0.0377601, 0.0331099, 0.997273, 0, 0, 0.0737952, 9.1613e-05, 9.50236e-06, -9.23904e-06, 9.50237e-06, 8.38153e-06, 1.26388e-05, -9.23904e-06, 1.26388e-05, 7.85187e-05, 0
0.0328583, 0.0312587, 0.997077, 0, 0, 0.0764086, 8.42343e-05, 8.76521e-06, -8.66473e-06, 8.76521e-06, 7.77033e-06, 1.05478e-05, -8.66473e-06, 1.05478e-05, 7.13098e-05, 0
0.0191808, 0.028116, 0.996861, 0, 0, 0.0791727, 7.96986e-05, 8.5258e-06, -8.041e-06, 8.5258e-06, 7.1741e-06, 8.19688e-06, -8.041e-06, 8.19687e-06, 6.73926e-05, 0
-0.00234765, 0.0237855, 0.996622, 0, 0, 0.082126, 7.88559e-05, 8.93105e-06, -7.40329e-06, 8.93106e-06, 6.7234e-06, 5.55587e-06, -7.40329e-06, 5.55586e-06, 6.76174e-05, 0
-0.0300715, 0.018496, 0.996336, 0, 0, 0.0855256, 8.19562e-05, 1.00515e-05, -6.7744e-06, 1.00515e-05, 6.54697e-06, 2.52757e-06, -6.7744e-06, 2.52757e-06, 7.22885e-05, 0
-0.0636345, 0.0121642, 0.995996, 0, 0, 0.0893979, 8.8517e-05, 1.18515e-05, -6.17449e-06, 1.18515e-05, 6.76464e-06, -1.00633e-06, -6.17449e-06, -1.00633e-06, 8.10051e-05, 0
-0.100389, 0.00500628, 0.995654, 0, 0, 0.0931316, 9.73698e-05, 1.41757e-05, -5.62199e-06, 1.41757e-05, 7.47237e-06, -5.11617e-06, -5.62199e-06, -5.11618e-06, 9.26602e-05, 0
-0.138188, -0.00259717, 0.995311, 0, 0, 0.0967231, 0.000106916, 1.67432e-05, -5.1347e-06, 1.67432e-05, 8.70988e-06, -9.75708e-06, -5.1347e-06, -9.75709e-06, 0.000105632, 0
-0.178106, -0.0107703, 0.994955, 0, 0, 0.100319, 0.000115489, 1.92175e-05, -4.719e-06, 1.92176e-05, 1.04437e-05, -1.47389e-05, -4.719e-06, -1.47389e-05, 0.000118113, 0
-0.21674, -0.0189652, 0.994561, 0, 0, 0.104159, 0.000121698, 2.12828e-05, -4.35846e-06, 2.12828e-05, 1.25582e-05, -1.97402e-05, -4.35847e-06, -1.97402e-05, 0.000128459, 0
-0.252041, -0.0266448, 0.994187, 0, 0, 0.107667, 0.000124647, 2.27024e-05, -4.03644e-06, 2.27024e-05, 1.48631e-05, -2.43784e-05, -4.03644e-06, -2.43784e-05, 0.000135464, 0
-0.285755, -0.0339655, 0.993841, 0, 0, 0.110816, 0.000124019, 2.33245e-05, -3.75413e-06, 2.33245e-05, 1.71069e-05, -2.82926e-05, -3.75413e-06, -2.82926e-05, 0.000138497, 0
-0.314854, -0.0403147, 0.993492, 0, 0, 0.113899, 0.000120014, 2.31205e-05, -3.51762e-06, 2.31205e-05, 1.90315e-05, -3.12011e-05, -3.51763e-06, -3.12011e-05, 0.000137516, 0
-0.336493, -0.0450112, 0.993146, 0, 0, 0.116884, 0.000113255, 2.21883e-05, -3.34968e-06, 2.21883e-05, 2.04237e-05, -3.29489e-05, -3.34968e-06, -3.2949e-05, 0.000133025, 0
-0.353647, -0.0485292, 0.992792, 0, 0, 0.119848, 0.000104695, 2.07286e-05, -3.28375e-06, 2.07286e-05, 2.11514e-05, -3.35129e-05, -3.28375e-06, -3.35129e-05, 0.000125987, 0
-0.362858, -0.0500504, 0.992439, 0, 0, 0.122739, 9.55239e-05, 1.90227e-05, -3.34223e-06, 1.90227e-05, 2.11842e-05, -3.29669e-05, -3.34223e-06, -3.29669e-05, 0.000117679, 0
-0.363109, -0.0492477, 0.992092, 0, 0, 0.125514, 8.7053e-05, 1.74093e-05, -3.54957e-06, 1.74093e-05, 2.0601e-05, -3.14508e-05, -3.54957e-06, -3.14508e-05, 0.000109568, 0
-0.355493, -0.0464406, 0.991697, 0, 0, 0.128595, 8.05749e-05, 1.62444e-05, -3.92609e-06, 1.62444e-05, 1.9574e-05, -2.91143e-05, -3.92609e-06, -2.91143e-05, 0.000103116, 0
-0.339947, -0.0413459, 0.991334, 0, 0, 0.131368, 7.71707e-05, 1.5847e-05, -4.49401e-06, 1.5847e-05, 1.83385e-05, -2.60744e-05, -4.49401e-06, -2.60744e-05, 9.95341e-05, 0
-0.316887, -0.0342026, 0.990964, 0, 0, 0.134131, 7.74951e-05, 1.64285e-05, -5.29042e-06, 1.64285e-05, 1.71533e-05, -2.24043e-05, -5.29042e-06, -2.24043e-05, 9.95268e-05, 0
-0.287914, -0.0252586, 0.990705, 0, 0, 0.136029, 8.15871e-05, 1.80268e-05, -6.37276e-06, 1.80268e-05, 1.62561e-05, -1.81625e-05, -6.37276e-06, -1.81625e-05, 0.000103076, 0
-0.254439, -0.0151322, 0.990561, 0, 0, 0.13707, 8.8805e-05, 2.04428e-05, -7.79816e-06, 2.04428e-05, 1.58023e-05, -1.34518e-05, -7.79816e-06, -1.34518e-05, 0.000109364, 0
-0.218141, -0.0044882, 0.990458, 0, 0, 0.137813, 9.79197e-05, 2.32698e-05, -9.58896e-06, 2.32698e-05, 1.58326e-05, -8.47887e-06, -9.58895e-06, -8.47888e-06, 0.000116935, 0
-0.17967, 0.00648132, 0.990317, 0, 0, 0.138825, 0.000107363, 2.60119e-05, -1.1693e-05, 2.60119e-05, 1.6278e-05, -3.56816e-06, -1.1693e-05, -3.56817e-06, 0.000124065, 0
-0.142759, 0.0165037, 0.990407, 0, 0, 0.138184, 0.00011557, 2.82196e-05, -1.39727e-05, 2.82196e-05, 1.69852e-05, 8.91747e-07, -1.39727e-05, 8.91741e-07, 0.000129214, 0
-0.10701, 0.0256762, 0.990523, 0, 0, 0.137347, 0.000121316, 2.95029e-05, -1.61608e-05, 2.95029e-05, 1.77045e-05, 4.57184e-06, -1.61608e-05, 4.57184e-06, 0.00013135, 0
-0.0717338, 0.0346476, 0.990457, 0, 0, 0.137826, 0.000123825, 2.97275e-05, -1.8007e-05, 2.97275e-05, 1.82387e-05, 7.256e-06, -1.8007e-05, 7.256e-06, 0.000130061, 0
-0.0414713, 0.0420433, 0.990377, 0, 0, 0.138398, 0.000122827, 2.89775e-05, -1.93579e-05, 2.89775e-05, 1.84695e-05, 8.86469e-06, -1.93579e-05, 8.86468e-06, 0.000125482, 0
-0.0155911, 0.0480117, 0.990288, 0, 0, 0.139031, 0.000118571, 2.74212e-05, -2.00921e-05, 2.74212e-05, 1.83274e-05, 9.47e-06, -2.00921e-05, 9.47e-06, 0.00011815, 0
0.00483172, 0.0526223, 0.990073, 0, 0, 0.140555, 0.000111716, 2.53124e-05, -2.02069e-05, 2.53124e-05, 1.78222e-05, 9.21811e-06, -2.02069e-05, 9.21811e-06, 0.000108883, 0
0.019044, 0.0555658, 0.98978, 0, 0, 0.142606, 0.000103243, 2.29643e-05, -1.97911e-05, 2.29643e-05, 1.70383e-05, 8.28328e-06, -1.97911e-05, 8.28328e-06, 9.87129e-05, 0
0.0257252, 0.0564927, 0.9894, 0, 0, 0.145216, 9.43668e-05, 2.07128e-05, -1.89766e-05, 2.07128e-05, 1.61089e-05, 6.83109e-06, -1.89766e-05, 6.83109e-06, 8.8828e-05, 0
0.0249279, 0.0555429, 0.988874, 0, 0, 0.148754, 8.63997e-05, 1.89105e-05, -1.79028e-05, 1.89105e-05, 1.52067e-05, 4.98987e-06, -1.79028e-05, 4.98987e-06, 8.0509e-05, 0
0.0156561, 0.0518282, 0.988367, 0, 0, 0.152087, 8.05907e-05, 1.79021e-05, -1.66913e-05, 1.79021e-05, 1.45272e-05, 2.82684e-06, -1.66913e-05, 2.82684e-06, 7.50032e-05, 0
-0.00156511, 0.0456447, 0.987801, 0, 0, 0.155723, 7.79151e-05, 1.79764e-05, -1.54203e-05, 1.79764e-05, 1.42707e-05, 3.37949e-07, -1.54203e-05, 3.37947e-07, 7.33311e-05, 0
-0.0256194, 0.0371208, 0.987211, 0, 0, 0.159417, 7.88607e-05, 1.9298e-05, -1.41397e-05, 1.9298e-05, 1.46161e-05, -2.55326e-06, -1.41397e-05, -2.55327e-06, 7.60566e-05, 0
-0.0552341, 0.0265631, 0.98661, 0, 0, 0.163098, 8.32679e-05, 2.18373e-05, -1.28873e-05, 2.18373e-05, 1.5691e-05, -5.96675e-06, -1.28873e-05, -5.96675e-06, 8.30872e-05, 0
-0.0890474, 0.014357, 0.986043, 0, 0, 0.16649, 9.03064e-05, 2.53387e-05, -1.17023e-05, 2.53387e-05, 1.75459e-05, -1.00062e-05, -1.17023e-05, -1.00062e-05, 9.36011e-05, 0
-0.126208, 0.000860704, 0.985469, 0, 0, 0.169853, 9.8641e-05, 2.93433e-05, -1.06222e-05, 2.93433e-05, 2.01314e-05, -1.46832e-05, -1.06222e-05, -1.46832e-05, 0.000106162, 0
-0.163176, -0.0128683, 0.984791, 0, 0, 0.173743, 0.000106724, 3.32947e-05, -9.66154e-06, 3.32947e-05, 2.33046e-05, -1.98583e-05, -9.66154e-06, -1.98583e-05, 0.000119001, 0
-0.199997, -0.0267159, 0.984175, 0, 0, 0.177201, 0.000113126, 3.66685e-05, -8.81541e-06, 3.66685e-05, 2.68499e-05, -2.52422e-05, -8.81541e-06, -2.52422e-05, 0.000130379, 0
-0.236504, -0.0406879, 0.983457, 0, 0, 0.18114, 0.000116841, 3.90209e-05, -8.06604e-06, 3.90209e-05, 3.04541e-05, -3.04423e-05, -8.06604e-06, -3.04423e-05, 0.000138887, 0
-0.268827, -0.0533553, 0.982733, 0, 0, 0.185031, 0.000117349, 4.01099e-05, -7.38512e-06, 4.01099e-05, 3.37937e-05, -3.50407e-05, -7.38512e-06, -3.50407e-05, 0.000143633, 0
-0.297912, -0.0646309, 0.982157, 0, 0, 0.188065, 0.000114656, 3.98721e-05, -6.7911e-06, 3.98721e-05, 3.65451e-05, -3.86973e-05, -6.7911e-06, -3.86973e-05, 0.000144335, 0
-0.321546, -0.073933, 0.981506, 0, 0, 0.191429, 0.000109207, 3.8421e-05, -6.32219e-06, 3.8421e-05, 3.84402e-05, -4.11876e-05, -6.32219e-06, -4.11876e-05, 0.000141268, 0
-0.33947, -0.0806801, 0.980976, 0, 0, 0.194132, 0.000101762, 3.6053e-05, -6.02155e-06, 3.6053e-05, 3.93461e-05, -4.2427e-05, -6.02155e-06, -4.2427e-05, 0.000135206, 0
-0.347273, -0.0878063, 0.978302, 0, 0, 0.207185, 9.3337e-05, 3.3183e-05, -5.93963e-06, 3.3183e-05, 3.92618e-05, -4.2457e-05, -5.93963e-06, -4.2457e-05, 0.000127305, 0
-0.35206, -0.0885981, 0.97793, 0, 0, 0.208931, 8.50776e-05, 3.03017e-05, -6.07861e-06, 3.03017e-05, 3.8331e-05, -4.13951e-05, -6.07861e-06, -4.13951e-05, 0.000118982, 0
-0.34882, -0.0859316, 0.977438, 0, 0, 0.211224, 7.82e-05, 2.79624e-05, -6.52316e-06, 2.79624e-05, 3.68367e-05, -3.94188e-05, -6.52316e-06, -3.94188e-05, 0.000111712, 0
-0.337191, -0.0795509, 0.97688, 0, 0, 0.21379, 7.3757e-05, 2.66734e-05, -7.28898e-06, 2.66734e-05, 3.51528e-05, -3.66736e-05, -7.28898e-06, -3.66736e-05, 0.000106847, 0
-0.319016, -0.0696373, 0.976608, 0, 0, 0.215027, 7.25044e-05, 2.68063e-05, -8.41144e-06, 2.68063e-05, 3.36662e-05, -3.32696e-05, -8.41144e-06, -3.32696e-05, 0.000105343, 0
-0.294028, -0.0568853, 0.976261, 0, 0, 0.216597, 7.47375e-05, 2.84799e-05, -9.94354e-06, 2.84799e-05, 3.26781e-05, -2.92855e-05, -9.94354e-06, -2.92854e-05, 0.00010751, 0
-0.263965, -0.0419388, 0.975954, 0, 0, 0.217975, 8.01504e-05, 3.1523e-05, -1.19654e-05, 3.1523e-05, 3.23684e-05, -2.48306e-05, -1.19654e-05, -2.48306e-05, 0.000112873, 0
-0.230634, -0.0256786, 0.975916, 0, 0, 0.218145, 8.7869e-05, 3.54611e-05, -1.4534e-05, 3.54611e-05, 3.27317e-05, -2.00954e-05, -1.4534e-05, -2.00954e-05, 0.000120226, 0
-0.194268, -0.00850368, 0.975937, 0, 0, 0.218054, 9.66418e-05, 3.95873e-05, -1.7605e-05, 3.95873e-05, 3.35492e-05, -1.53639e-05, -1.7605e-05, -1.53639e-05, 0.000127924, 0
-0.158776, 0.00783955, 0.976012, 0, 0, 0.217715, 0.000105055, 4.31844e-05, -2.10147e-05, 4.31844e-05, 3.45109e-05, -1.09869e-05, -2.10147e-05, -1.09869e-05, 0.000134318, 0
-0.122306, 0.0239833, 0.976218, 0, 0, 0.216793, 0.000111827, 4.5673e-05, -2.44435e-05, 4.5673e-05, 3.52824e-05, -7.27115e-06, -2.44435e-05, -7.27115e-06, 0.000138135, 0
-0.0890282, 0.0381328, 0.976456, 0, 0, 0.215716, 0.000116024, 4.67076e-05, -2.75363e-05, 4.67076e-05, 3.55774e-05, -4.42896e-06, -2.75363e-05, -4.42896e-06, 0.000138686, 0
-0.0584713, 0.0506478, 0.976631, 0, 0, 0.214921, 0.000117131, 4.62287e-05, -2.99416e-05, 4.62287e-05, 3.52497e-05, -2.51908e-06, -2.99416e-05, -2.51907e-06, 0.000135842, 0
-0.0315193, 0.0613669, 0.976666, 0, 0, 0.214766, 0.000115082, 4.44124e-05, -3.14534e-05, 4.44124e-05, 3.42925e-05, -1.50252e-06, -3.14534e-05, -1.50252e-06, 0.000129935, 0
-0.0077564, 0.0727685, 0.975508, 0, 0, 0.219965, 0.000110241, 4.15945e-05, -3.20191e-05, 4.15945e-05, 3.2812e-05, -1.27663e-06, -3.20191e-05, -1.27663e-06, 0.000121638, 0
0.0094144, 0.0806991, 0.974605, 0, 0, 0.223932, 0.000103338, 3.82334e-05, -3.17829e-05, 3.82334e-05, 3.10212e-05, -1.74096e-06, -3.17829e-05, -1.74096e-06, 0.000111904, 0
0.0183186, 0.0830183, 0.974455, 0, 0, 0.224583, 9.54065e-05, 3.47667e-05, -3.08483e-05, 3.47667e-05, 2.91169e-05, -2.74336e-06, -3.08483e-05, -2.74336e-06, 0.000101847, 0
0.0196951, 0.0830131, 0.97365, 0, 0, 0.228047, 8.75964e-05, 3.16987e-05, -2.93728e-05, 3.16987e-05, 2.73876e-05, -4.16827e-06, -2.93728e-05, -4.16827e-06, 9.27159e-05, 0
0.0129974, 0.0796517, 0.972498, 0, 0, 0.232912, 8.10907e-05, 2.95441e-05, -2.75718e-05, 2.95441e-05, 2.61642e-05, -5.96977e-06, -2.75718e-05, -5.96977e-06, 8.58267e-05, 0
-0.0022668, 0.0717991, 0.971321, 0, 0, 0.237772, 7.68964e-05, 2.87517e-05, -2.55933e-05, 2.87517e-05, 2.57796e-05, -8.14803e-06, -2.55933e-05, -8.14803e-06, 8.23501e-05, 0
-0.0254022, 0.059603, 0.97012, 0, 0, 0.242625, 7.56522e-05, 2.96227e-05, -2.35255e-05, 2.96227e-05, 2.65271e-05, -1.07631e-05, -2.35255e-05, -1.07631e-05, 8.30854e-05, 0
-0.0554051, 0.043401, 0.968895, 0, 0, 0.247473, 7.74725e-05, 3.22129e-05, -2.14264e-05, 3.22129e-05, 2.85971e-05, -1.39293e-05, -2.14264e-05, -1.39293e-05, 8.82402e-05, 0
-0.0910074, 0.0237129, 0.967645, 0, 0, 0.252314, 8.18803e-05, 3.62717e-05, -1.93467e-05, 3.62717e-05, 3.2024e-05, -1.77717e-05, -1.93467e-05, -1.77717e-05, 9.72939e-05, 0
-0.13073, 0.00122437, 0.966372, 0, 0, 0.257149, 8.78887e-05, 4.12562e-05, -1.7336e-05, 4.12562e-05, 3.66589e-05, -2.23503e-05, -1.7336e-05, -2.23503e-05, 0.000109036, 0
-0.172947, -0.0232361, 0.965074, 0, 0, 0.261978, 9.4226e-05, 4.64316e-05, -1.54312e-05, 4.64316e-05, 4.21777e-05, -2.75816e-05, -1.54312e-05, -2.75816e-05, 0.000121794, 0
-0.215948, -0.0487293, 0.963752, 0, 0, 0.2668, 9.96286e-05, 5.10257e-05, -1.36438e-05, 5.10257e-05, 4.812e-05, -3.32044e-05, -1.36438e-05, -3.32044e-05, 0.000133772, 0
-0.247656, -0.068037, 0.963321, 0, 0, 0.268351, 0.000103097, 5.43837e-05, -1.1971e-05, 5.43837e-05, 5.39497e-05, -3.88131e-05, -1.1971e-05, -3.88131e-05, 0.000143391, 0
-0.276345, -0.0855388, 0.962754, 0, 0, 0.270379, 0.000104164, 5.60531e-05, -1.05359e-05, 5.60531e-05, 5.90488e-05, -4.40388e-05, -1.05359e-05, -4.40388e-05, 0.000149619, 0
-0.301517, -0.100952, 0.96207, 0, 0, 0.272802, 0.00010261, 5.59201e-05, -9.33483e-06, 5.59201e-05, 6.30236e-05, -4.84554e-05, -9.33483e-06, -4.84554e-05, 0.000151923, 0
-0.321017, -0.114432, 0.960234, 0, 0, 0.279198, 9.86188e-05, 5.41244e-05, -8.38717e-06, 5.41244e-05, 6.55958e-05, -5.17498e-05, -8.38717e-06, -5.17498e-05, 0.00015034, 0
-0.336093, -0.125293, 0.958464, 0, 0, 0.285212, 9.26564e-05, 5.10272e-05, -7.70831e-06, 5.10272e-05, 6.66803e-05, -5.3748e-05, -7.70831e-06, -5.3748e-05, 0.000145436, 0
-0.348408, -0.132365, 0.957969, 0, 0, 0.28687, 8.5554e-05, 4.71267e-05, -7.36846e-06, 4.71267e-05, 6.62928e-05, -5.44464e-05, -7.36846e-06, -5.44464e-05, 0.000138197, 0
-0.353321, -0.134739, 0.957302, 0, 0, 0.28909, 7.82781e-05, 4.30578e-05, -7.4367e-06, 4.30578e-05, 6.46821e-05, -5.39555e-05, -7.4367e-06, -5.39555e-05, 0.000129919, 0
-0.35171, -0.13255, 0.956665, 0, 0, 0.291191, 7.18025e-05, 3.95109e-05, -7.94053e-06, 3.95109e-05, 6.23085e-05, -5.24431e-05, -7.94053e-06, -5.24431e-05, 0.000122084, 0
-0.343174, -0.1256, 0.956024, 0, 0, 0.293288, 6.70676e-05, 3.7138e-05, -8.89741e-06, 3.7138e-05, 5.9729e-05, -5.00813e-05, -8.89741e-06, -5.00813e-05, 0.000116127, 0
-0.328166, -0.11397, 0.955571, 0, 0, 0.294762, 6.48343e-05, 3.64523e-05, -1.03345e-05, 3.64523e-05, 5.75101e-05, -4.70162e-05, -1.03345e-05, -4.70162e-05, 0.000113206, 0
-0.306002, -0.098375, 0.954296, 0, 0, 0.298862, 6.55395e-05, 3.77133e-05, -1.23027e-05, 3.77133e-05, 5.61069e-05, -4.33631e-05, -1.23027e-05, -4.33631e-05, 0.000113935, 0
-0.276393, -0.0775926, 0.95279, 0, 0, 0.303629, 6.91126e-05, 4.0872e-05, -1.49042e-05, 4.0872e-05, 5.58423e-05, -3.92667e-05, -1.49042e-05, -3.92668e-05, 0.000118194, 0
-0.242006, -0.0529397, 0.95126, 0, 0, 0.30839, 7.50042e-05, 4.55141e-05, -1.82518e-05, 4.55141e-05, 5.67641e-05, -3.49507e-05, -1.82518e-05, -3.49507e-05, 0.000125101, 0
-0.204277, -0.0253158, 0.949706, 0, 0, 0.313142, 8.22965e-05, 5.09154e-05, -2.23848e-05, 5.09154e-05, 5.86016e-05, -3.07259e-05, -2.23848e-05, -3.07259e-05, 0.000133195, 0
-0.164756, 0.00423215, 0.948129, 0, 0, 0.317887, 8.9888e-05, 5.62097e-05, -2.71989e-05, 5.62097e-05, 6.08456e-05, -2.69552e-05, -2.71989e-05, -2.69552e-05, 0.000140829, 0
-0.125042, 0.0345488, 0.946527, 0, 0, 0.322623, 9.67088e-05, 6.05857e-05, -3.24084e-05, 6.05857e-05, 6.28851e-05, -2.39494e-05, -3.24084e-05, -2.39494e-05, 0.000146588, 0
-0.0867159, 0.0644164, 0.944903, 0, 0, 0.327352, 0.000101887, 6.34469e-05, -3.75794e-05, 6.34468e-05, 6.41662e-05, -2.18697e-05, -3.75794e-05, -2.18697e-05, 0.000149548, 0
-0.0512818, 0.0926046, 0.943254, 0, 0, 0.332072, 0.000104844, 6.44892e-05, -4.2223e-05, 6.44892e-05, 6.43158e-05, -2.06972e-05, -4.2223e-05, -2.06972e-05, 0.000149321, 0
-0.020103, 0.117921, 0.941582, 0, 0, 0.336784, 0.00010532, 6.37017e-05, -4.59048e-05, 6.37017e-05, 6.31981e-05, -2.02782e-05, -4.59048e-05, -2.02782e-05, 0.000145966, 0
0.0056489, 0.139262, 0.939886, 0, 0, 0.341488, 0.000103373, 6.13221e-05, -4.8332e-05, 6.13221e-05, 6.09129e-05, -2.0411e-05, -4.8332e-05, -2.0411e-05, 0.000139886, 0
0.025039, 0.15566, 0.938167, 0, 0, 0.346183, 9.93527e-05, 5.77797e-05, -4.93979e-05, 5.77797e-05, 5.77613e-05, -2.09264e-05, -4.93979e-05, -2.09264e-05, 0.00013177, 0
0.0374031, 0.166331, 0.936424, 0, 0, 0.35087, 9.38533e-05, 5.36406e-05, -4.91776e-05, 5.36406e-05, 5.4204e-05, -2.17284e-05, -4.91776e-05, -2.17284e-05, 0.00012257, 0
0.0423695, 0.170704, 0.934658, 0, 0, 0.355547, 8.76501e-05, 4.9556e-05, -4.78806e-05, 4.9556e-05, 5.08224e-05, -2.27974e-05, -4.78806e-05, -2.27974e-05, 0.000113479, 0
0.0398699, 0.168458, 0.932869, 0, 0, 0.360216, 8.16028e-05, 4.6203e-05, -4.57766e-05, 4.6203e-05, 4.82748e-05, -2.41699e-05, -4.57766e-05, -2.41699e-05, 0.000105838, 0
0.0301367, 0.159535, 0.931056, 0, 0, 0.364876, 7.65297e-05, 4.42033e-05, -4.31215e-05, 4.42033e-05, 4.72317e-05, -2.59214e-05, -4.31215e-05, -2.59214e-05, 0.000100965, 0
0.0136884, 0.14415, 0.92922, 0, 0, 0.369527, 7.30635e-05, 4.40168e-05, -4.01127e-05, 4.40168e-05, 4.82782e-05, -2.8165e-05, -4.01127e-05, -2.8165e-05, 9.99151e-05, 0
-0.00869679, 0.122789, 0.927361, 0, 0, 0.374168, 7.15173e-05, 4.58249e-05, -3.68879e-05, 4.58249e-05, 5.17947e-05, -3.1057e-05, -3.68879e-05, -3.1057e-05, 0.000103225, 0
-0.0360159, 0.0961924, 0.925478, 0, 0, 0.3788, 7.18059e-05, 4.94473e-05, -3.35522e-05, 4.94473e-05, 5.78503e-05, -3.47811e-05, -3.35522e-05, -3.47811e-05, 0.000110721, 0
-0.0670878, 0.0653308, 0.923573, 0, 0, 0.383423, 7.34624e-05, 5.4339e-05, -3.01997e-05, 5.4339e-05, 6.61522e-05, -3.94832e-05, -3.01997e-05, -3.94832e-05, 0.000121493, 0
-0.100603, 0.03137, 0.921644, 0, 0, 0.388036, 7.57585e-05, 5.96883e-05, -2.69108e-05, 5.96883e-05, 7.60731e-05, -4.51699e-05, -2.69108e-05, -4.51699e-05, 0.000134057, 0
-0.135181, -0.00437501, 0.919693, 0, 0, 0.392639, 7.78905e-05, 6.45903e-05, -2.37375e-05, 6.45903e-05, 8.67424e-05, -5.16274e-05, -2.37375e-05, -5.16274e-05, 0.00014666, 0
-0.169423, -0.0404893, 0.917718, 0, 0, 0.397233, 7.9161e-05, 6.82343e-05, -2.07079e-05, 6.82343e-05, 9.71728e-05, -5.84239e-05, -2.07079e-05, -5.84239e-05, 0.000157626, 0
-0.201976, -0.0755169, 0.91572, 0, 0, 0.401816, 7.9103e-05, 7.00532e-05, -1.78508e-05, 7.00531e-05, 0.000106399, -6.49947e-05, -1.78508e-05, -6.49947e-05, 0.000165624, 0
-0.231581, -0.108018, 0.9137, 0, 0, 0.40639, 7.75261e-05, 6.9804e-05, -1.52271e-05, 6.9804e-05, 0.000113606, -7.07801e-05, -1.52271e-05, -7.07801e-05, 0.000169842, 0
-0.257125, -0.13663, 0.911656, 0, 0, 0.410953, 7.45001e-05, 6.75782e-05, -1.29421e-05, 6.75782e-05, 0.000118248, -7.53433e-05, -1.29421e-05, -7.53433e-05, 0.000170045, 0
-0.277682, -0.160126, 0.90959, 0, 0, 0.415506, 7.03077e-05, 6.37592e-05, -1.11285e-05, 6.37592e-05, 0.000120113, -7.84394e-05, -1.11285e-05, -7.84394e-05, 0.000166561, 0
-0.292547, -0.177462, 0.907501, 0, 0, 0.420049, 6.53867e-05, 5.89495e-05, -9.91849e-06, 5.89495e-05, 0.000119366, -8.00233e-05, -9.91848e-06, -8.00232e-05, 0.000160211, 0
-0.30126, -0.187833, 0.90539, 0, 0, 0.424581, 6.02765e-05, 5.38876e-05, -9.41472e-06, 5.38876e-05, 0.000116531, -8.02104e-05, -9.41472e-06, -8.02104e-05, 0.000152198, 0
-0.30362, -0.1907, 0.903256, 0, 0, 0.429103, 5.55637e-05, 4.93612e-05, -9.67777e-06, 4.93612e-05, 0.000112427, -7.92133e-05, -9.67776e-06, -7.92133e-05, 0.000143965, 0
-0.299686, -0.185822, 0.901099, 0, 0, 0.433614, 5.18211e-05, 4.61168e-05, -1.07332e-05, 4.61168e-05, 0.000108067, -7.72755e-05, -1.07332e-05, -7.72755e-05, 0.00013701, 0
-0.289767, -0.173271, 0.898919, 0, 0, 0.438114, 4.95364e-05, 4.47601e-05, -1.25959e-05, 4.47601e-05, 0.000104499, -7.46263e-05, -1.25959e-05, -7.46263e-05, 0.000132662, 0
-0.274408, -0.153432, 0.896718, 0, 0, 0.442603, 4.90369e-05, 4.56519e-05, -1.53004e-05, 4.56519e-05, 0.00010262, -7.14743e-05, -1.53004e-05, -7.14743e-05, 0.000131821, 0
-0.254359, -0.126993, 0.894493, 0, 0, 0.447081, 5.04283e-05, 4.88193e-05, -1.89165e-05, 4.88192e-05, 0.000102982, -6.80431e-05, -1.89165e-05, -6.80431e-05, 0.000134731, 0
-0.230539, -0.0949197, 0.892247, 0, 0, 0.451548, 5.35723e-05, 5.39186e-05, -2.35274e-05, 5.39186e-05, 0.000105639, -6.46216e-05, -2.35274e-05, -6.46216e-05, 0.000140877, 0
-0.203996, -0.0584235, 0.889978, 0, 0, 0.456004, 5.81141e-05, 6.02851e-05, -2.91635e-05, 6.02851e-05, 0.000110108, -6.15744e-05, -2.91635e-05, -6.15744e-05, 0.000149083, 0
-0.175861, -0.0189126, 0.887687, 0, 0, 0.460448, 6.35496e-05, 6.70679e-05, -3.57121e-05, 6.70679e-05, 0.000115474, -5.92717e-05, -3.57121e-05, -5.92717e-05, 0.000157829, 0
-0.147296, 0.0220624, 0.885374, 0, 0, 0.46488, 6.93026e-05, 7.34079e-05, -4.2862e-05, 7.34079e-05, 0.000120633, -5.79625e-05, -4.2862e-05, -5.79625e-05, 0.000165634, 0
-0.119451, 0.0628687, 0.883038, 0, 0, 0.469301, 7.4792e-05, 7.85899e-05, -5.01239e-05, 7.85899e-05, 0.000124561, -5.76707e-05, -5.01239e-05, -5.76707e-05, 0.000171349, 0
-0.0934132, 0.101859, 0.880681, 0, 0, 0.473711, 7.94804e-05, 8.21295e-05, -5.6918e-05, 8.21295e-05, 0.000126529, -5.81942e-05, -5.6918e-05, -5.81942e-05, 0.000174264, 0
-0.070166, 0.137435, 0.878301, 0, 0, 0.478108, 8.29195e-05, 8.37972e-05, -6.26914e-05, 8.37972e-05, 0.000126198, -5.9198e-05, -6.26915e-05, -5.9198e-05, 0.000174079, 0
-0.0505506, 0.168119, 0.875899, 0, 0, 0.482494, 8.47932e-05, 8.36052e-05, -6.7015e-05, 8.36052e-05, 0.000123622, -6.03491e-05, -6.7015e-05, -6.03491e-05, 0.000170854, 0
-0.0352365, 0.192611, 0.873476, 0, 0, 0.486867, 8.49576e-05, 8.17803e-05, -6.96439e-05, 8.17803e-05, 0.0001192, -6.14183e-05, -6.96439e-05, -6.14183e-05, 0.000164995, 0
-0.024698, 0.209846, 0.871031, 0, 0, 0.491228, 8.34649e-05, 7.87305e-05, -7.05332e-05, 7.87305e-05, 0.000113623, -6.23256e-05, -7.05332e-05, -6.23256e-05, 0.000157258, 0
-0.0192013, 0.219041, 0.868564, 0, 0, 0.495577, 8.0559e-05, 7.5001e-05, -6.98103e-05, 7.5001e-05, 0.000107812, -6.31265e-05, -6.98103e-05, -6.31265e-05, 0.000148736, 0
-0.0187995, 0.219728, 0.866075, 0, 0, 0.499914, 7.66369e-05, 7.1212e-05, -6.77152e-05, 7.1212e-05, 0.000102846, -6.3967e-05, -6.77152e-05, -6.3967e-05, 0.00014078, 0
-0.0233373, 0.211781, 0.863565, 0, 0, 0.504238, 7.21786e-05, 6.79741e-05, -6.45248e-05, 6.79741e-05, 9.98503e-05, -6.50363e-05, -6.45248e-05, -6.50363e-05, 0.000134828, 0
-0.0324637, 0.195419, 0.861033, 0, 0, 0.50855, 6.76595e-05, 6.57843e-05, -6.0488e-05, 6.57843e-05, 9.98421e-05, -6.65437e-05, -6.0488e-05, -6.65437e-05, 0.000132167, 0
-0.0456529, 0.171207, 0.858479, 0, 0, 0.512848, 6.34631e-05, 6.49171e-05, -5.57954e-05, 6.49171e-05, 0.000103537, -6.87226e-05, -5.57954e-05, -6.87226e-05, 0.000133653, 0
-0.0622324, 0.140033, 0.855904, 0, 0, 0.517134, 5.9817e-05, 6.53414e-05, -5.05896e-05, 6.53414e-05, 0.000111175, -7.18365e-05, -5.05896e-05, -7.18365e-05, 0.000139467, 0
-0.0814155, 0.103078, 0.853308, 0, 0, 0.521407, 5.67711e-05, 6.6701e-05, -4.49967e-05, 6.6701e-05, 0.000122423, -7.61407e-05, -4.49967e-05, -7.61407e-05, 0.000149024, 0
-0.102338, 0.0617666, 0.85069, 0, 0, 0.525667, 5.42244e-05, 6.83851e-05, -3.91505e-05, 6.83851e-05, 0.000136406, -8.17798e-05, -3.91505e-05, -8.17798e-05, 0.000161071, 0
-0.124096, 0.0177168, 0.848051, 0, 0, 0.529914, 5.19906e-05, 6.96769e-05, -3.31945e-05, 6.96769e-05, 0.000151853, -8.86646e-05, -3.31945e-05, -8.86646e-05, 0.000173964, 0
-0.145789, -0.0273274, 0.845391, 0, 0, 0.534148, 4.98734e-05, 6.99293e-05, -2.72798e-05, 6.99293e-05, 0.0001673, -9.64137e-05, -2.72798e-05, -9.64137e-05, 0.000186007, 0
-0.16655, -0.0715648, 0.84271, 0, 0, 0.538368, 4.77207e-05, 6.87109e-05, -2.15716e-05, 6.87109e-05, 0.000181296, -0.000104411, -2.15716e-05, -0.000104411, 0.000195735, 0
-0.185589, -0.11321, 0.840007, 0, 0, 0.542575, 4.54475e-05, 6.58859e-05, -1.62618e-05, 6.58859e-05, 0.000192593, -0.000111955, -1.62618e-05, -0.000111955, 0.000202111, 0
-0.202217, -0.150564, 0.837284, 0, 0, 0.546768, 4.30318e-05, 6.16231e-05, -1.15724e-05, 6.1623e-05, 0.00020031, -0.000118421, -1.15724e-05, -0.000118421, 0.000204617, 0
-0.215873, -0.182089, 0.83454, 0, 0, 0.550948, 4.05011e-05, 5.63475e-05, -7.73707e-06, 5.63475e-05, 0.000204051, -0.000123389, -7.73705e-06, -0.000123389, 0.00020329, 0
-0.226145, -0.206467, 0.831775, 0, 0, 0.555113, 3.79222e-05, 5.06583e-05, -4.96852e-06, 5.06583e-05, 0.000203966, -0.000126688, -4.96851e-06, -0.000126688, 0.000198692, 0
-0.232778, -0.222659, 0.828989, 0, 0, 0.559265, 3.53973e-05, 4.52356e-05, -3.42576e-06, 4.52356e-05, 0.000200734, -0.000128377, -3.42575e-06, -0.000128377, 0.000191835, 0
-0.235679, -0.229946, 0.826182, 0, 0, 0.563403, 3.30643e-05, 4.07522e-05, -3.19653e-06, 4.07522e-05, 0.000195477, -0.000128676, -3.19652e-06, -0.000128676, 0.00018406, 0
-0.234913, -0.227966, 0.823355, 0, 0, 0.567527, 3.10922e-05, 3.77974e-05, -4.30306e-06, 3.77973e-05, 0.000189613, -0.000127885, -4.30305e-06, -0.000127885, 0.000176873, 0
-0.230698, -0.216725, 0.820507, 0, 0, 0.571637, 2.96689e-05, 3.68112e-05, -6.72841e-06, 3.68111e-05, 0.000184647, -0.00012632, -6.7284e-06, -0.00012632, 0.000171733, 0
-0.223381, -0.196605, 0.817638, 0, 0, 0.575732, 2.89802e-05, 3.80283e-05, -1.04511e-05, 3.80283e-05, 0.000181921, -0.00012429, -1.04511e-05, -0.00012429, 0.000169795, 0
-0.213424, -0.168349, 0.814749, 0, 0, 0.579813, 2.91873e-05, 4.14398e-05, -1.54677e-05, 4.14397e-05, 0.000182352, -0.000122118, -1.54677e-05, -0.000122118, 0.000171663, 0
-0.201375, -0.133033, 0.81184, 0, 0, 0.58388, 3.04073e-05, 4.6787e-05, -2.17816e-05, 4.6787e-05, 0.000186224, -0.000120183, -2.17816e-05, -0.000120183, 0.000177224, 0
-0.18784, -0.0920262, 0.808911, 0, 0, 0.587932, 3.2699e-05, 5.3605e-05, -2.93491e-05, 5.3605e-05, 0.000193091, -0.000118923, -2.93491e-05, -0.000118923, 0.000185651, 0
-0.173456, -0.0469358, 0.805961, 0, 0, 0.591969, 3.60475e-05, 6.13082e-05, -3.80074e-05, 6.13082e-05, 0.000201886, -0.000118754, -3.80074e-05, -0.000118754, 0.00019562, 0
-0.158859, 0.000455668, 0.802991, 0, 0, 0.595991, 4.03433e-05, 6.92861e-05, -4.74231e-05, 6.92861e-05, 0.000211192, -0.000119914, -4.74231e-05, -0.000119914, 0.000205652, 0
-0.144656, 0.0482616, 0.800001, 0, 0, 0.599999, 4.53611e-05, 7.69743e-05, -5.71038e-05, 7.69743e-05, 0.000219579, -0.000122346, -5.71037e-05, -0.000122346, 0.000214416, 0
-0.1314, 0.0945677, 0.796991, 0, 0, 0.603991, 5.07543e-05, 8.38874e-05, -6.6461e-05, 8.38874e-05, 0.000225883, -0.000125701, -6.64609e-05, -0.000125701, 0.000220897, 0
-0.119572, 0.137508, 0.793961, 0, 0, 0.607968, 5.60778e-05, 8.96318e-05, -7.48989e-05, 8.96318e-05, 0.000229351, -0.000129458, -7.48989e-05, -0.000129458, 0.000224444, 0
-0.109556, 0.175344, 0.790911, 0, 0, 0.611931, 6.08375e-05, 9.39181e-05, -8.1891e-05, 9.39181e-05, 0.000229695, -0.000133091, -8.1891e-05, -0.000133091, 0.000224775, 0
-0.101632, 0.20653, 0.787842, 0, 0, 0.615878, 6.45584e-05, 9.65803e-05, -8.70411e-05, 9.65802e-05, 0.000227089, -0.000136211, -8.70411e-05, -0.000136211, 0.000222, 0
-0.0959719, 0.229783, 0.784753, 0, 0, 0.619809, 6.68546e-05, 9.75915e-05, -9.01169e-05, 9.75915e-05, 0.000222148, -0.00013863, -9.01169e-05, -0.00013863, 0.000216651, 0
-0.0926301, 0.244132, 0.781644, 0, 0, 0.623725, 6.7485e-05, 9.70638e-05, -9.1057e-05, 9.70637e-05, 0.000215883, -0.000140367, -9.1057e-05, -0.000140367, 0.000209675, 0
-0.0915563, 0.248962, 0.778515, 0, 0, 0.627625, 6.63832e-05, 9.52228e-05, -8.9947e-05, 9.52228e-05, 0.000209608, -0.000141598, -8.9947e-05, -0.000141598, 0.000202367, 0
-0.0926002, 0.244035, 0.775368, 0, 0, 0.63151, 6.36567e-05, 9.23579e-05, -8.69684e-05, 9.23579e-05, 0.000204801, -0.000142592, -8.69684e-05, -0.000142592, 0.000196222, 0
-0.0955266, 0.229509, 0.7722, 0, 0, 0.635379, 5.95599e-05, 8.87552e-05, -8.23362e-05, 8.87551e-05, 0.000202888, -0.000143664, -8.23362e-05, -0.000143664, 0.000192704, 0
-0.100033, 0.205925, 0.769014, 0, 0, 0.639232, 5.44508e-05, 8.46284e-05, -7.62469e-05, 8.46284e-05, 0.000204993, -0.000145148, -7.62468e-05, -0.000145148, 0.000192957, 0
-0.105767, 0.174195, 0.765808, 0, 0, 0.643069, 4.87447e-05, 8.00647e-05, -6.88583e-05, 8.00647e-05, 0.000211689, -0.000147406, -6.88583e-05, -0.000147406, 0.000197529, 0
-0.112352, 0.135558, 0.762583, 0, 0, 0.64689, 4.28708e-05, 7.50038e-05, -6.03092e-05, 7.50038e-05, 0.000222841, -0.000150815, -6.03092e-05, -0.000150815, 0.000206197, 0
-0.119401, 0.0915384, 0.759339, 0, 0, 0.650695, 3.72342e-05, 6.92672e-05, -5.0762e-05, 6.92671e-05, 0.000237593, -0.000155688, -5.0762e-05, -0.000155688, 0.000217983, 0
-0.126545, 0.0438814, 0.756076, 0, 0, 0.654483, 3.21836e-05, 6.26394e-05, -4.04446e-05, 6.26394e-05, 0.000254535, -0.000162141, -4.04445e-05, -0.000162141, 0.000231395, 0
-0.133446, -0.0055166, 0.752794, 0, 0, 0.658256, 2.7982e-05, 5.49808e-05, -2.96688e-05, 5.49808e-05, 0.000271972, -0.000169979, -2.96688e-05, -0.000169979, 0.000244764, 0
-0.139814, -0.0546832, 0.749494, 0, 0, 0.662011, 2.47817e-05, 4.63276e-05, -1.88281e-05, 4.63276e-05, 0.000288206, -0.000178684, -1.88281e-05, -0.000178684, 0.000256556, 0
-0.14542, -0.10165, 0.746174, 0, 0, 0.665751, 2.26065e-05, 3.69423e-05, -8.38033e-06, 3.69423e-05, 0.000301765, -0.000187537, -8.3803e-06, -0.000187537, 0.000265578, 0
-0.150105, -0.144533, 0.742836, 0, 0, 0.669473, 2.13479e-05, 2.72974e-05, 1.18402e-06, 2.72974e-05, 0.000311581, -0.000195799, 1.18406e-06, -0.000195799, 0.000271088, 0
-0.153779, -0.181607, 0.73948, 0, 0, 0.673179, 2.07829e-05, 1.80057e-05, 9.38529e-06, 1.80057e-05, 0.000317117, -0.000202889, 9.38532e-06, -0.000202889, 0.000272842, 0
-0.15643, -0.211377, 0.736105, 0, 0, 0.676868, 2.06172e-05, 9.72156e-06, 1.58057e-05, 9.72155e-06, 0.000318444, -0.000208478, 1.58057e-05, -0.000208478, 0.000271109, 0
-0.158109, -0.23264, 0.732711, 0, 0, 0.68054, 2.05451e-05, 3.04289e-06, 2.01351e-05, 3.04287e-06, 0.000316241, -0.000212513, 2.01351e-05, -0.000212513, 0.000266645, 0
-0.158928, -0.244531, 0.729299, 0, 0, 0.684195, 2.03134e-05, -1.56644e-06, 2.21946e-05, -1.56646e-06, 0.000311717, -0.000215167, 2.21947e-05, -0.000215167, 0.000260614, 0
-0.159048, -0.246562, 0.725869, 0, 0, 0.687833, 1.97747e-05, -3.82165e-06, 2.19325e-05, -3.82167e-06, 0.000306465, -0.000216759, 2.19326e-05, -0.000216759, 0.000254456, 0
-0.158661, -0.23864, 0.722421, 0, 0, 0.691454, 1.89172e-05, -3.62969e-06, 1.93933e-05, -3.62971e-06, 0.000302232, -0.00021767, 1.93933e-05, -0.00021767, 0.000249697, 0
-0.157979, -0.221073, 0.718955, 0, 0, 0.695057, 1.78696e-05, -1.07403e-06, 1.46753e-05, -1.07405e-06, 0.000300654, -0.000218297, 1.46753e-05, -0.000218297, 0.000247705, 0
-0.157215, -0.194554, 0.71547, 0, 0, 0.698643, 1.68816e-05, 3.62283e-06, 7.89891e-06, 3.62281e-06, 0.000302966, -0.000219049, 7.89893e-06, -0.000219049, 0.000249421, 0
-0.156568, -0.16014, 0.711968, 0, 0, 0.702212, 1.62845e-05, 1.01546e-05, -7.94305e-07, 1.01545e-05, 0.000309746, -0.000220379, -7.94285e-07, -0.000220379, 0.000255143, 0
-0.156208, -0.119202, 0.708448, 0, 0, 0.705763, 1.64352e-05, 1.81932e-05, -1.12068e-05, 1.81931e-05, 0.000320786, -0.000222778, -1.12068e-05, -0.000222778, 0.000264433, 0
-0.156263, -0.0733766, 0.704911, 0, 0, 0.709296, 1.76456e-05, 2.74373e-05, -2.30383e-05, 2.74372e-05, 0.000335142, -0.00022669, -2.30382e-05, -0.00022669, 0.000276223, 0
-0.156811, -0.024494, 0.701355, 0, 0, 0.712812, 2.01119e-05, 3.76206e-05, -3.58589e-05, 3.76206e-05, 0.00035137, -0.000232354, -3.58589e-05, -0.000232354, 0.000289088, 0
-0.157871, 0.0254913, 0.697783, 0, 0, 0.71631, 2.38563e-05, 4.84756e-05, -4.91241e-05, 4.84756e-05, 0.000367844, -0.000239671, -4.91241e-05, -0.000239671, 0.000301555, 0
-0.159403, 0.0745815, 0.694192, 0, 0, 0.71979, 2.87002e-05, 5.96788e-05, -6.22192e-05, 5.96787e-05, 0.000383031, -0.000248184, -6.22192e-05, -0.000248184, 0.00031233, 0
-0.161309, 0.120816, 0.690585, 0, 0, 0.723252, 3.42712e-05, 7.08124e-05, -7.45085e-05, 7.08124e-05, 0.000395675, -0.000257199, -7.45085e-05, -0.000257199, 0.000320431, 0
-0.163438, 0.16235, 0.68696, 0, 0, 0.726695, 4.00439e-05, 8.13653e-05, -8.5381e-05, 8.13653e-05, 0.000404905, -0.000265968, -8.5381e-05, -0.000265968, 0.000325257, 0
-0.165594, 0.197529, 0.683318, 0, 0, 0.730121, 4.54069e-05, 9.07674e-05, -9.4292e-05, 9.07673e-05, 0.000410319, -0.000273857, -9.4292e-05, -0.000273857, 0.000326642, 0
-0.16755, 0.224957, 0.679659, 0, 0, 0.733529, 4.97485e-05, 9.84414e-05, -0.000100801, 9.84414e-05, 0.000412028, -0.00028045, -0.000100801, -0.00028045, 0.000324893, 0
-0.169063, 0.243548, 0.675983, 0, 0, 0.736918, 5.25475e-05, 0.000103856, -0.000104605, 0.000103856, 0.000410668, -0.000285587, -0.000104605, -0.000285587, 0.000320792, 0
-0.169888, 0.252575, 0.672289, 0, 0, 0.740288, 5.34535e-05, 0.000106569, -0.000105544, 0.000106569, 0.000407333, -0.000289337, -0.000105544, -0.000289337, 0.000315534, 0
-0.169799, 0.251694, 0.66858, 0, 0, 0.74364, 5.23428e-05, 0.000106249, -0.000103594, 0.000106249, 0.000403439, -0.000291929, -0.000103594, -0.000291929, 0.000310597, 0
-0.1686, 0.240961, 0.664853, 0, 0, 0.746974, 4.93417e-05, 0.000102693, -9.88265e-05, 0.000102693, 0.000400505, -0.000293691, -9.88265e-05, -0.000293691, 0.000307531, 0
-0.166148, 0.220827, 0.66111, 0, 0, 0.750289, 4.48133e-05, 9.58308e-05, -9.1364e-05, 9.58308e-05, 0.000399886, -0.000295, -9.1364e-05, -0.000295, 0.000307687, 0
-0.162359, 0.192118, 0.65735, 0, 0, 0.753585, 3.93157e-05, 8.57373e-05, -8.13416e-05, 8.57373e-05, 0.00040249, -0.000296272, -8.13415e-05, -0.000296272, 0.000311926, 0
-0.157226, 0.156002, 0.653574, 0, 0, 0.756862, 3.35344e-05, 7.26405e-05, -6.89042e-05, 7.26405e-05, 0.00040856, -0.000297953, -6.89042e-05, -0.000297953, 0.000320378, 0
-0.150817, 0.113943, 0.649782, 0, 0, 0.760121, 2.81981e-05, 5.69264e-05, -5.42469e-05, 5.69264e-05, 0.000417589, -0.00030049, -5.42468e-05, -0.00030049, 0.000332374, 0
-0.143288, 0.067636, 0.645973, 0, 0, 0.76336, 2.39808e-05, 3.91354e-05, -3.76823e-05, 3.91354e-05, 0.000428438, -0.000304225, -3.76823e-05, -0.000304225, 0.000346605, 0
-0.134869, 0.0189433, 0.642148, 0, 0, 0.766581, 2.13988e-05, 1.99529e-05, -1.97005e-05, 1.99529e-05, 0.000439618, -0.000309263, -1.97005e-05, -0.000309263, 0.000361452, 0
-0.125868, -0.0301837, 0.638307, 0, 0, 0.769782, 2.07202e-05, 1.93685e-07, -9.83413e-07, 1.93661e-07, 0.000449627, -0.000315396, -9.83392e-07, -0.000315396, 0.00037534, 0
-0.116654, -0.0777836, 0.63445, 0, 0, 0.772964, 2.19084e-05, -1.9231e-05, 1.76332e-05, -1.92311e-05, 0.00045724, -0.000322148, 1.76333e-05, -0.000322148, 0.000386985, 0
-0.107643, -0.121963, 0.630578, 0, 0, 0.776126, 2.46189e-05, -3.73736e-05, 3.52387e-05, -3.73736e-05, 0.000461682, -0.000328931, 3.52387e-05, -0.000328931, 0.000395509, 0
-0.0992792, -0.160974, 0.626689, 0, 0, 0.779269, 2.82573e-05, -5.33383e-05, 5.09405e-05, -5.33383e-05, 0.000462718, -0.000335229, 5.09406e-05, -0.000335228, 0.000400478, 0
-0.0920136, -0.193282, 0.622785, 0, 0, 0.782393, 3.20873e-05, -6.63809e-05, 6.3956e-05, -6.63809e-05, 0.000460663, -0.000340729, 6.3956e-05, -0.000340729, 0.000401926, 0
-0.0862822, -0.217629, 0.618865, 0, 0, 0.785497, 3.537e-05, -7.59927e-05, 7.36862e-05, -7.59927e-05, 0.000456361, -0.000345378, 7.36862e-05, -0.000345378, 0.000400355, 0
-0.082481, -0.233082, 0.61493, 0, 0, 0.788582, 3.75018e-05, -8.19489e-05, 7.97576e-05, -8.1949e-05, 0.000451093, -0.00034936, 7.97576e-05, -0.00034936, 0.000396712, 0
-0.0809452, -0.239066, 0.610979, 0, 0, 0.791646, 3.81243e-05, -8.431e-05, 8.20233e-05, -8.431e-05, 0.000446455, -0.000353022, 8.20233e-05, -0.000353022, 0.000392302, 0
-0.081927, -0.235393, 0.607014, 0, 0, 0.794691, 3.7183e-05, -8.33756e-05, 8.05275e-05, -8.33756e-05, 0.000444171, -0.000356787, 8.05275e-05, -0.000356787, 0.000388641, 0
-0.0855785, -0.222261, 0.603033, 0, 0, 0.797717, 3.49271e-05, -7.96006e-05, 7.54495e-05, -7.96006e-05, 0.000445864, -0.00036109, 7.54495e-05, -0.00036109, 0.000387228, 0
-0.091938, -0.200245, 0.599037, 0, 0, 0.800722, 3.18536e-05, -7.34872e-05, 6.70552e-05, -7.34873e-05, 0.000452805, -0.000366354, 6.70553e-05, -0.000366354, 0.000389279, 0
-0.100921, -0.170274, 0.595025, 0, 0, 0.803707, 2.86086e-05, -6.54724e-05, 5.56779e-05, -6.54724e-05, 0.000465675, -0.000372993, 5.56779e-05, -0.000372993, 0.000395458, 0
-0.112317, -0.133591, 0.590999, 0, 0, 0.806672, 2.58644e-05, -5.5841e-05, 4.17333e-05, -5.58411e-05, 0.000484415, -0.000381409, 4.17334e-05, -0.000381409, 0.000405692, 0
-0.125791, -0.0916988, 0.586959, 0, 0, 0.809617, 2.41952e-05, -4.46991e-05, 2.57425e-05, -4.46991e-05, 0.000508219, -0.000391919, 2.57425e-05, -0.000391919, 0.000419165, 0
-0.140896, -0.0463013, 0.582903, 0, 0, 0.812541, 2.398e-05, -3.20307e-05, 8.33449e-06, -3.20307e-05, 0.000535682, -0.00040461, 8.33452e-06, -0.00040461, 0.000434506, 0
-0.157082, 0.000769382, 0.578833, 0, 0, 0.815446, 2.53488e-05, -1.78207e-05, -9.78419e-06, -1.78207e-05, 0.00056503, -0.000419212, -9.78416e-06, -0.000419212, 0.000450093, 0
-0.17372, 0.0476258, 0.574749, 0, 0, 0.81833, 2.81736e-05, -2.19244e-06, -2.78724e-05, -2.19246e-06, 0.000594352, -0.000435066, -2.78724e-05, -0.000435066, 0.00046435, 0
-0.190125, 0.0924023, 0.57065, 0, 0, 0.821193, 3.20959e-05, 1.44905e-05, -4.51838e-05, 1.44904e-05, 0.000621794, -0.000451238, -4.51838e-05, -0.000451238, 0.000475978, 0
-0.205587, 0.13333, 0.566537, 0, 0, 0.824036, 3.658e-05, 3.1586e-05, -6.09859e-05, 3.1586e-05, 0.000645732, -0.000466708, -6.09859e-05, -0.000466708, 0.000484095, 0
-0.219396, 0.168807, 0.56241, 0, 0, 0.826859, 4.09882e-05, 4.81989e-05, -7.45841e-05, 4.81988e-05, 0.000664925, -0.000480562, -7.45841e-05, -0.000480562, 0.000488328, 0
-0.230881, 0.197463, 0.558268, 0, 0, 0.82966, 4.46768e-05, 6.32545e-05, -8.53522e-05, 6.32545e-05, 0.000678631, -0.000492122, -8.53522e-05, -0.000492122, 0.00048884, 0
-0.239439, 0.21821, 0.554113, 0, 0, 0.832441, 4.71001e-05, 7.56037e-05, -9.27753e-05, 7.56037e-05, 0.000686673, -0.000501004, -9.27753e-05, -0.000501004, 0.00048632, 0
-0.244562, 0.230287, 0.549944, 0, 0, 0.835201, 4.79103e-05, 8.41373e-05, -9.64835e-05, 8.41372e-05, 0.000689413, -0.000507088, -9.64835e-05, -0.000507088, 0.000481902, 0
-0.24587, 0.233286, 0.545761, 0, 0, 0.837941, 4.70328e-05, 8.78957e-05, -9.62682e-05, 8.78957e-05, 0.00068767, -0.000510465, -9.62682e-05, -0.000510466, 0.000477029, 0
-0.243128, 0.227167, 0.541565, 0, 0, 0.840659, 4.46978e-05, 8.61691e-05, -9.20743e-05, 8.61691e-05, 0.000682556, -0.000511355, -9.20743e-05, -0.000511355, 0.000473264, 0
-0.236267, 0.212254, 0.537355, 0, 0, 0.843356, 4.14196e-05, 7.85861e-05, -8.39714e-05, 7.85861e-05, 0.00067527, -0.000510049, -8.39714e-05, -0.000510049, 0.000472038, 0
-0.22539, 0.189222, 0.533131, 0, 0, 0.846033, 3.79198e-05, 6.51899e-05, -7.21192e-05, 6.51899e-05, 0.000666869, -0.00050689, -7.21192e-05, -0.00050689, 0.00047437, 0
-0.210777, 0.159064, 0.528894, 0, 0, 0.848688, 3.50112e-05, 4.64901e-05, -5.67483e-05, 4.64901e-05, 0.00065805, -0.00050228, -5.67483e-05, -0.00050228, 0.000480614, 0
-0.192881, 0.123051, 0.524644, 0, 0, 0.851322, 3.34612e-05, 2.34635e-05, -3.81772e-05, 2.34635e-05, 0.000649025, -0.000496698, -3.81773e-05, -0.000496698, 0.000490326, 0
-0.172309, 0.0826725, 0.520381, 0, 0, 0.853934, 3.38606e-05, -2.51962e-06, -1.68718e-05, -2.5196e-06, 0.000639532, -0.000490667, -1.68718e-05, -0.000490667, 0.000502348, 0
-0.14981, 0.0395819, 0.516105, 0, 0, 0.856525, 3.65171e-05, -2.98438e-05, 6.48407e-06, -2.98437e-05, 0.000629021, -0.000484669, 6.48405e-06, -0.000484669, 0.000515107, 0
-0.126241, -0.00447722, 0.511816, 0, 0, 0.859095, 4.13871e-05, -5.68388e-05, 3.09546e-05, -5.68388e-05, 0.000616931, -0.000479037, 3.09546e-05, -0.000479037, 0.000527009, 0
-0.102539, -0.0477411, 0.507514, 0, 0, 0.861643, 4.80574e-05, -8.19636e-05, 5.53966e-05, -8.19636e-05, 0.000602958, -0.00047391, 5.53966e-05, -0.00047391, 0.000536743, 0
-0.0796776, -0.0884961, 0.5032, 0, 0, 0.86417, 5.57914e-05, -0.000103949, 7.85702e-05, -0.000103949, 0.000587211, -0.000469282, 7.85702e-05, -0.000469282, 0.000543428, 0
-0.0586336, -0.125148, 0.498872, 0, 0, 0.866675, 6.36372e-05, -0.000121887, 9.92832e-05, -0.000121887, 0.000570245, -0.000465122, 9.92832e-05, -0.000465122, 0.000546634, 0
-0.0403396, -0.156285, 0.494533, 0, 0, 0.869159, 7.0586e-05, -0.000135277, 0.00011652, -0.000135277, 0.000552996, -0.000461489, 0.00011652, -0.000461489, 0.000546353, 0
-0.0256451, -0.180732, 0.490181, 0, 0, 0.871621, 7.57484e-05, -0.000144016, 0.000129535, -0.000144016, 0.000536673, -0.000458587, 0.000129535, -0.000458587, 0.000542989, 0
-0.0152776, -0.197596, 0.485817, 0, 0, 0.874061, 7.85133e-05, -0.000148361, 0.000137898, -0.000148361, 0.000522659, -0.00045676, 0.000137898, -0.00045676, 0.00053735, 0
-0.00980661, -0.206299, 0.48144, 0, 0, 0.876479, 7.86578e-05, -0.000148849, 0.000141482, -0.000148849, 0.000512396, -0.000456427, 0.000141482, -0.000456427, 0.000530606, 0
-0.00961535, -0.206597, 0.477052, 0, 0, 0.878875, 7.63847e-05, -0.000146189, 0.000140417, -0.000146189, 0.000507286, -0.000458011, 0.000140417, -0.000458011, 0.000524189, 0
-0.0148786, -0.198584, 0.472652, 0, 0, 0.881249, 7.22797e-05, -0.000141145, 0.000135005, -0.000141145, 0.00050856, -0.000461863, 0.000135005, -0.000461863, 0.000519612, 0
-0.025549, -0.182689, 0.46824, 0, 0, 0.883602, 6.71955e-05, -0.000134397, 0.000125658, -0.000134397, 0.000517127, -0.000468242, 0.000125658, -0.000468242, 0.000518216, 0
-0.0413524, -0.159649, 0.463816, 0, 0, 0.885932, 6.20816e-05, -0.00012642, 0.000112855, -0.00012642, 0.000533418, -0.000477312, 0.000112855, -0.000477312, 0.000520891, 0
-0.0617934, -0.130477, 0.45938, 0, 0, 0.88824, 5.77971e-05, -0.000117398, 9.71511e-05, -0.000117398, 0.000557253, -0.000489154, 9.71511e-05, -0.000489154, 0.000527831, 0
-0.0861687, -0.0964202, 0.454933, 0, 0, 0.890525, 5.49497e-05, -0.000107213, 7.91914e-05, -0.000107213, 0.000587799, -0.000503723, 7.91914e-05, -0.000503723, 0.000538433, 0
-0.113593, -0.0589022, 0.450475, 0, 0, 0.892789, 5.38042e-05, -9.55422e-05, 5.97042e-05, -9.55421e-05, 0.000623627, -0.000520756, 5.97042e-05, -0.000520756, 0.000551408, 0
-0.143029, -0.0194657, 0.446006, 0, 0, 0.89503, 5.42789e-05, -8.20277e-05, 3.94613e-05, -8.20277e-05, 0.00066285, -0.00053968, 3.94613e-05, -0.00053968, 0.000565052, 0
-0.173329, 0.0202922, 0.441525, 0, 0, 0.897249, 5.60114e-05, -6.64767e-05, 1.92337e-05, -6.64767e-05, 0.000703303, -0.000559592, 1.92337e-05, -0.000559592, 0.000577602, 0
-0.203277, 0.0587854, 0.437033, 0, 0, 0.899445, 5.84577e-05, -4.90178e-05, -2.3601e-07, -4.90178e-05, 0.00074272, -0.000579365, -2.36031e-07, -0.000579365, 0.000587547, 0
-0.231644, 0.0945021, 0.43253, 0, 0, 0.901619, 6.09976e-05, -3.01805e-05, -1.82345e-05, -3.01805e-05, 0.000778921, -0.000597816, -1.82345e-05, -0.000597816, 0.000593841, 0
-0.257231, 0.126065, 0.428017, 0, 0, 0.903771, 6.3031e-05, -1.08822e-05, -3.40866e-05, -1.08822e-05, 0.000809976, -0.000613887, -3.40866e-05, -0.000613887, 0.000596008, 0
-0.278926, 0.152287, 0.423493, 0, 0, 0.905899, 6.40657e-05, 7.66157e-06, -4.71757e-05, 7.66159e-06, 0.000834335, -0.000626759, -4.71757e-05, -0.000626759, 0.000594163, 0
-0.295749, 0.172212, 0.418958, 0, 0, 0.908006, 6.37963e-05, 2.40778e-05, -5.69842e-05, 2.40778e-05, 0.000850927, -0.000635903, -5.69842e-05, -0.000635903, 0.000588955, 0
-0.3069, 0.185153, 0.414413, 0, 0, 0.910089, 6.21712e-05, 3.69956e-05, -6.31324e-05, 3.69957e-05, 0.000859197, -0.000641054, -6.31324e-05, -0.000641054, 0.000581478, 0
-0.31179, 0.190715, 0.409857, 0, 0, 0.91215, 5.94321e-05, 4.52001e-05, -6.54054e-05, 4.52002e-05, 0.000859107, -0.000642158, -6.54054e-05, -0.000642158, 0.000573126, 0
-0.310077, 0.188806, 0.405291, 0, 0, 0.914188, 5.61098e-05, 4.77687e-05, -6.37569e-05, 4.77687e-05, 0.00085109, -0.000639312, -6.3757e-05, -0.000639312, 0.000565425, 0
-0.301681, 0.179633, 0.400715, 0, 0, 0.916203, 5.29586e-05, 4.41875e-05, -5.82911e-05, 4.41875e-05, 0.000835959, -0.000632706, -5.82911e-05, -0.000632706, 0.000559812, 0
-0.286797, 0.163694, 0.396129, 0, 0, 0.918195, 5.08288e-05, 3.44463e-05, -4.92292e-05, 3.44463e-05, 0.000814776, -0.000622605, -4.92292e-05, -0.000622605, 0.000557387, 0
-0.265888, 0.141748, 0.391533, 0, 0, 0.920164, 5.04913e-05, 1.91015e-05, -3.68764e-05, 1.91015e-05, 0.000788704, -0.000609363, -3.68764e-05, -0.000609363, 0.000558656, 0
-0.239675, 0.11478, 0.386928, 0, 0, 0.92211, 5.24602e-05, -7.23069e-07, -2.16099e-05, -7.23067e-07, 0.000758864, -0.000593466, -2.16099e-05, -0.000593466, 0.00056336, 0
-0.209113, 0.0839605, 0.382312, 0, 0, 0.924033, 5.68635e-05, -2.34279e-05, -3.90387e-06, -2.34279e-05, 0.00072625, -0.000575562, -3.90387e-06, -0.000575562, 0.000570489, 0
-0.175352, 0.0505894, 0.377687, 0, 0, 0.925933, 6.34054e-05, -4.71387e-05, 1.56181e-05, -4.71387e-05, 0.000691721, -0.000556448, 1.56181e-05, -0.000556448, 0.000578523, 0
-0.139699, 0.0160451, 0.373053, 0, 0, 0.92781, 7.14227e-05, -6.99792e-05, 3.61379e-05, -6.99792e-05, 0.000656083, -0.000536982, 3.61379e-05, -0.000536982, 0.000585833, 0
-0.103561, -0.0182745, 0.368409, 0, 0, 0.929664, 8.00079e-05, -9.03412e-05, 5.66614e-05, -9.03412e-05, 0.000620189, -0.000517972, 5.66614e-05, -0.000517972, 0.000591063, 0
-0.0683933, -0.0510096, 0.363756, 0, 0, 0.931494, 8.81579e-05, -0.000107075, 7.61071e-05, -0.000107075, 0.00058501, -0.000500106, 7.61071e-05, -0.000500106, 0.000593353, 0
-0.0356397, -0.0808922, 0.359095, 0, 0, 0.933301, 9.49222e-05, -0.000119564, 9.34365e-05, -0.000119564, 0.000551642, -0.000483939, 9.34365e-05, -0.000483939, 0.000592356, 0
-0.00667063, -0.106796, 0.354424, 0, 0, 0.935085, 9.95357e-05, -0.000127699, 0.000107781, -0.000127699, 0.000521249, -0.000469936, 0.000107781, -0.000469936, 0.000588164, 0
0.0172728, -0.127779, 0.349744, 0, 0, 0.936845, 0.000101527, -0.000131786, 0.000118531, -0.000131786, 0.00049499, -0.000458519, 0.000118531, -0.000458519, 0.000581221, 0
0.0351329, -0.143118, 0.345055, 0, 0, 0.938582, 0.000100791, -0.000132425, 0.000125369, -0.000132425, 0.000473954, -0.000450091, 0.000125369, -0.000450091, 0.000572287, 0
0.0460816, -0.152332, 0.340358, 0, 0, 0.940296, 9.76264e-05, -0.000130388, 0.000128257, -0.000130388, 0.000459119, -0.000445016, 0.000128257, -0.000445016, 0.000562404, 0
0.0495587, -0.1552, 0.335652, 0, 0, 0.941986, 9.27042e-05, -0.0001265, 0.000127377, -0.0001265, 0.000451331, -0.000443585, 0.000127377, -0.000443585, 0.000552849, 0
0.0452994, -0.151758, 0.330938, 0, 0, 0.943652, 8.69885e-05, -0.000121534, 0.000123047, -0.000121535, 0.000451274, -0.000445975, 0.000123047, -0.000445975, 0.000545015, 0
0.0452994, -0.151758, 0.330938, 0, 0, 0.943652, 8.69885e-05, -0.000121534, 0.000123047, -0.000121535, 0.000451274, -0.000445975, 0.000123047, -0.000445975, 0.000545015, 0
0.0452994, -0.151758, 0.330938, 0, 0, 0.943652, 8.69885e-05, -0.000121534, 0.000123047, -0.000121535, 0.000451274, -0.000445975, 0.000123047, -0.000445975, 0.000545015, 0
0.0452994, -0.151758, 0.330938, 0, 0, 0.943652, 8.69885e-05, -0.000121534, 0.000123047, -0.000121535, 0.000451274, -0.000445975, 0.000123047, -0.000445975, 0.000545015, 0
0.0452994, -0.151758, 0.330938, 0, 0, 0.943652, 8.69885e-05, -0.000121534, 0.000123047, -0.000121535, 0.000451274, -0.000445975, 0.000123047, -0.000445975, 0.000545015, 0
0.0452994, -0.151758, 0.330938, 0, 0, 0.943652, 8.69885e-05, -0.000121534, 0.000123047, -0.000121535, 0.000451274, -0.000445975, 0.000123047, -0.000445975, 0.000545015, 0
0.0452994, -0.151758, 0.330938, 0, 0, 0.943652, 8.69885e-05, -0.000121534, 0.000123047, -0.000121535, 0.000451274, -0.000445975, 0.000123047, -0.000445975, 0.000545015, 0
0.0452994, -0.151758, 0.330938, 0, 0, 0.943652, 8.69885e-05, -0.000121534, 0.000123047, -0.000121535, 0.000451274, -0.000445975, 0.000123047, -0.000445975, 0.000545015, 0
0.0452994, -0.151758, 0.330938, 0, 0, 0.943652, 8.69885e-05, -0.000121534, 0.000123047, -0.000121535, 0.000451274, -0.000445975, 0.000123047, -0.000445975, 0.000545015, 0
0.0452994, -0.151758, 0.330938, 0, 0, 0.943652, 8.69885e-05, -0.000121534, 0.000123047, -0.000121535, 0.000451274, -0.000445975, 0.000123047, -0.000445975, 0.000545015, 0
0.0452994, -0.151758, 0.330938, 0, 0, 0.943652, 8.69885e-05, -0.000121534, 0.000123047, -0.000121535, 0.000451274, -0.000445975, 0.000123047, -0.000445975, 0.000545015, 0
0.0452994, -0.151758, 0.330938, 0, 0, 0.943652, 8.69885e-05, -0.000121534, 0.000123047, -0.000121535, 0.000451274, -0.000445975, 0.000123047, -0.000445975, 0.000545015, 0
0.0452994, -0.151758, 0.330938, 0, 0, 0.943652, 8.69885e-05, -0.000121534, 0.000123047, -0.000121535, 0.000451274, -0.000445975, 0.000123047, -0.000445975, 0.000545015, 0
0.0452994, -0.151758, 0.330938, 0, 0, 0.943652, 8.69885e-05, -0.000121534, 0.000123047, -0.000121535, 0.000451274, -0.000445975, 0.000123047, -0.000445975, 0.000545015, 0
0.0452994, -0.151758, 0.330938, 0, 0, 0.943652, 8.69885e-05, -0.000121534, 0.000123047, -0.000121535, 0.000451274, -0.000445975, 0.000123047, -0.000445975, 0.000545015, 0
