1.29e-10, 0, 1, 0, 0, 6.45e-11, 1.29e-24, -3.95446e-42, -3.06283e-32, -3.95446e-42, 0, 1.6641e-34, -3.06283e-32, 1.6641e-34, 1.29e-24, 0
1.3e-10, 0, 1, 0, 0, 6.5e-11, 1.3e-24, -4.01612e-42, -3.08658e-32, -4.01612e-42, 0, 1.69e-34, -3.08658e-32, 1.69e-34, 1.3e-24, 0
1.31e-10, 0, 1, 0, 0, 6.55e-11, 1.31e-24, -4.07778e-42, -3.11032e-32, -4.07778e-42, 0, 1.7161e-34, -3.11032e-32, 1.7161e-34, 1.31e-24, 0
1.32e-10, 0, 1, 0, 0, 6.6e-11, 1.32e-24, -4.13944e-42, -3.13406e-32, -4.13944e-42, 0, 1.7424e-34, -3.13406e-32, 1.7424e-34, 1.32e-24, 0
1.33e-10, 0, 1, 0, 0, 6.65e-11, 1.33e-24, -4.20249e-42, -3.15781e-32, -4.20249e-42, 0, 1.7689e-34, -3.15781e-32, 1.7689e-34, 1.33e-24, 0
1.34e-10, 0, 1, 0, 0, 6.7e-11, 1.34e-24, -4.26695e-42, -3.18155e-32, -4.26695e-42, 0, 1.7956e-34, -3.18155e-32, 1.7956e-34, 1.34e-24, 0
1.35e-10, 0, 1, 0, 0, 6.75e-11, 1.35e-24, -4.33141e-42, -3.20529e-32, -4.33141e-42, 0, 1.8225e-34, -3.20529e-32, 1.8225e-34, 1.35e-24, 0
1.36e-10, 0, 1, 0, 0, 6.8e-11, 1.36e-24, -4.39587e-42, -3.22903e-32, -4.39587e-42, 0, 1.8496e-34, -3.22903e-32, 1.8496e-34, 1.36e-24, 0
1.37e-10, 0, 1, 0, 0, 6.85e-11, 1.37e-24, -4.46033e-42, -3.25278e-32, -4.46033e-42, 0, 1.8769e-34, -3.25278e-32, 1.8769e-34, 1.37e-24, 0
1.38e-10, 0, 1, 0, 0, 6.9e-11, 1.38e-24, -4.52479e-42, -3.27652e-32, -4.52479e-42, 0, 1.9044e-34, -3.27652e-32, 1.9044e-34, 1.38e-24, 0
1.39e-10, 0, 1, 0, 0, 6.95e-11, 1.39e-24, -4.59065e-42, -3.30026e-32, -4.59065e-42, 0, 1.9321e-34, -3.30026e-32, 1.9321e-34, 1.39e-24, 0
1.4e-10, 0, 1, 0, 0, 7e-11, 1.4e-24, -4.65792e-42, -3.32401e-32, -4.65792e-42, 0, 1.96e-34, -3.32401e-32, 1.96e-34, 1.4e-24, 0
1.41e-10, 0, 1, 0, 0, 7.05e-11, 1.41e-24, -4.72518e-42, -3.34775e-32, -4.72518e-42, 0, 1.9881e-34, -3.34775e-32, 1.9881e-34, 1.41e-24, 0
-0.0282317, -0.000141159, 0.999987, 0, 0, 0.00499998, 7.90724e-06, 3.95302e-08, 4.45927e-10, 3.95302e-08, 1.77366e-09, -1.11646e-07, 4.45927e-10, -1.11646e-07, 7.90921e-06, 0
-0.0640953, -0.000679185, 0.99995, 0, 0, 0.00999983, 2.03466e-05, 2.27565e-07, 4.22331e-09, 2.27565e-07, 2.65796e-08, -6.14132e-07, 4.22331e-09, -6.14132e-07, 2.03746e-05, 0
-0.106155, -0.00173104, 0.999888, 0, 0, 0.0149994, 3.66431e-05, 6.44477e-07, 1.45332e-08, 6.44477e-07, 1.29867e-07, -1.78256e-06, 1.45332e-08, -1.78256e-06, 3.67954e-05, 0
-0.157754, -0.00350098, 0.999797, 0, 0, 0.0201345, 5.51171e-05, 1.32389e-06, 3.13455e-08, 1.32389e-06, 3.99585e-07, -3.81106e-06, 3.13455e-08, -3.81106e-06, 5.56327e-05, 0
-0.213519, -0.00587318, 0.999692, 0, 0, 0.0248017, 7.35083e-05, 2.23777e-06, 5.27914e-08, 2.23777e-06, 9.30825e-07, -6.7074e-06, 5.27914e-08, -6.7074e-06, 7.47882e-05, 0
-0.268787, -0.00870384, 0.999569, 0, 0, 0.0293593, 8.95871e-05, 3.26724e-06, 7.4329e-08, 3.26724e-06, 1.77967e-06, -1.02566e-05, 7.4329e-08, -1.02566e-05, 9.21217e-05, 0
-0.322525, -0.011946, 0.99942, 0, 0, 0.034055, 0.000101676, 4.27496e-06, 9.52173e-08, 4.27496e-06, 2.92948e-06, -1.40725e-05, 9.52173e-08, -1.40725e-05, 0.000105908, 0
-0.373545, -0.0152669, 0.999273, 0, 0, 0.0381193, 0.000108902, 5.13317e-06, 1.17828e-07, 5.13317e-06, 4.27966e-06, -1.77016e-05, 1.17828e-07, -1.77016e-05, 0.000115093, 0
-0.417096, -0.0186254, 0.999082, 0, 0, 0.0428316, 0.000111195, 5.71657e-06, 1.34759e-07, 5.71657e-06, 5.65973e-06, -2.07325e-05, 1.34759e-07, -2.07325e-05, 0.000119353, 0
-0.454395, -0.0216196, 0.998891, 0, 0, 0.0470741, 0.000109111, 5.98818e-06, 1.44373e-07, 5.98818e-06, 6.88132e-06, -2.28734e-05, 1.44373e-07, -2.28734e-05, 0.000119032, 0
-0.484922, -0.0241645, 0.998683, 0, 0, 0.0513135, 0.000103668, 5.93864e-06, 1.2947e-07, 5.93864e-06, 7.77234e-06, -2.398e-05, 1.29471e-07, -2.398e-05, 0.000114996, 0
-0.505828, -0.0256692, 0.998488, 0, 0, 0.0549611, 9.61779e-05, 5.63455e-06, 7.60448e-08, 5.63455e-06, 8.22168e-06, -2.4044e-05, 7.6045e-08, -2.4044e-05, 0.000108502, 0
-0.517571, -0.0262265, 0.998277, 0, 0, 0.0586786, 8.81285e-05, 5.20316e-06, -3.30522e-08, 5.20316e-06, 8.19763e-06, -2.31565e-05, -3.3052e-08, -2.31565e-05, 0.000101058, 0
-0.520506, -0.025574, 0.998069, 0, 0, 0.0621109, 8.10459e-05, 4.82314e-06, -2.09134e-07, 4.82314e-06, 7.75059e-06, -2.1451e-05, -2.09134e-07, -2.1451e-05, 9.42503e-05, 0
-0.513949, -0.0238023, 0.997833, 0, 0, 0.0657915, 7.63288e-05, 4.6957e-06, -4.65435e-07, 4.6957e-06, 7.00045e-06, -1.90508e-05, -4.65434e-07, -1.90508e-05, 8.95398e-05, 0
-0.49922, -0.0207016, 0.997616, 0, 0, 0.0690027, 7.5035e-05, 5.00944e-06, -8.21578e-07, 5.00944e-06, 6.1177e-06, -1.60347e-05, -8.21578e-07, -1.60347e-05, 8.8018e-05, 0
-0.477749, -0.0165862, 0.997394, 0, 0, 0.0721509, 7.76575e-05, 5.88482e-06, -1.30618e-06, 5.88482e-06, 5.29662e-06, -1.24353e-05, -1.30618e-06, -1.24353e-05, 9.01544e-05, 0
-0.451165, -0.0115775, 0.997221, 0, 0, 0.0744997, 8.39609e-05, 7.33425e-06, -1.95807e-06, 7.33424e-06, 4.72771e-06, -8.28411e-06, -1.95807e-06, -8.28411e-06, 9.56265e-05, 0
-0.420813, -0.00609692, 0.997067, 0, 0, 0.0765293, 9.29797e-05, 9.21294e-06, -2.80595e-06, 9.21294e-06, 4.55389e-06, -3.68031e-06, -2.80595e-06, -3.68031e-06, 0.000103333, 0
-0.387826, -0.000375, 0.996915, 0, 0, 0.0784898, 0.000103203, 1.12697e-05, -3.8511e-06, 1.12697e-05, 4.84366e-06, 1.15202e-06, -3.8511e-06, 1.15202e-06, 0.000111648, 0
-0.355313, 0.00499131, 0.996864, 0, 0, 0.0791294, 0.000112921, 1.3212e-05, -5.04653e-06, 1.3212e-05, 5.56863e-06, 5.86682e-06, -5.04653e-06, 5.86682e-06, 0.000118849, 0
-0.323072, 0.0100294, 0.996795, 0, 0, 0.0799999, 0.000120615, 1.4722e-05, -6.26741e-06, 1.4722e-05, 6.58569e-06, 1.00774e-05, -6.26742e-06, 1.00774e-05, 0.000123538, 0
-0.290036, 0.0151372, 0.996647, 0, 0, 0.0818211, 0.00012519, 1.56432e-05, -7.38409e-06, 1.56432e-05, 7.71351e-06, 1.34475e-05, -7.3841e-06, 1.34475e-05, 0.0001249, 0
-0.260847, 0.0195115, 0.996508, 0, 0, 0.083501, 0.00012611, 1.59451e-05, -8.29586e-06, 1.59451e-05, 8.76409e-06, 1.57693e-05, -8.29586e-06, 1.57693e-05, 0.000122727, 0
-0.235663, 0.0229897, 0.996393, 0, 0, 0.0848575, 0.000123405, 1.5646e-05, -8.90938e-06, 1.5646e-05, 9.56664e-06, 1.69982e-05, -8.90938e-06, 1.69982e-05, 0.000117326, 0
-0.213478, 0.02615, 0.996191, 0, 0, 0.0871965, 0.000117574, 1.48412e-05, -9.18581e-06, 1.48412e-05, 1.00148e-05, 1.72194e-05, -9.18581e-06, 1.72194e-05, 0.000109367, 0
-0.197926, 0.028426, 0.995918, 0, 0, 0.0902649, 0.000109489, 1.37006e-05, -9.15741e-06, 1.37006e-05, 1.00831e-05, 1.65925e-05, -9.15741e-06, 1.65925e-05, 9.97784e-05, 0
-0.1889, 0.0296124, 0.995604, 0, 0, 0.0936638, 0.000100308, 1.24194e-05, -8.87539e-06, 1.24194e-05, 9.80862e-06, 1.53115e-05, -8.87539e-06, 1.53115e-05, 8.96879e-05, 0
-0.186669, 0.0294389, 0.995272, 0, 0, 0.0971244, 9.13603e-05, 1.12237e-05, -8.40827e-06, 1.12237e-05, 9.28174e-06, 1.3555e-05, -8.40827e-06, 1.3555e-05, 8.03535e-05, 0
-0.192962, 0.0276151, 0.994906, 0, 0, 0.100803, 8.40081e-05, 1.03674e-05, -7.82509e-06, 1.03674e-05, 8.63324e-06, 1.14536e-05, -7.82509e-06, 1.14536e-05, 7.30726e-05, 0
-0.207415, 0.0241501, 0.994488, 0, 0, 0.104849, 7.94576e-05, 1.01053e-05, -7.1802e-06, 1.01053e-05, 8.01882e-06, 9.06697e-06, -7.1802e-06, 9.06696e-06, 6.90299e-05, 0
-0.229266, 0.0188385, 0.994077, 0, 0, 0.108681, 7.85355e-05, 1.06482e-05, -6.51038e-06, 1.06482e-05, 7.60348e-06, 6.37309e-06, -6.51038e-06, 6.37309e-06, 6.90802e-05, 0
-0.25719, 0.0119569, 0.993653, 0, 0, 0.112492, 8.14787e-05, 1.20981e-05, -5.84127e-06, 1.20981e-05, 7.54159e-06, 3.28353e-06, -5.84127e-06, 3.28353e-06, 7.35217e-05, 0
-0.290412, 0.00363068, 0.993243, 0, 0, 0.116058, 8.78106e-05, 1.44011e-05, -5.19723e-06, 1.44011e-05, 7.95964e-06, -3.10919e-07, -5.19723e-06, -3.1092e-07, 8.19422e-05, 0
-0.32758, -0.00580052, 0.99285, 0, 0, 0.11937, 9.63929e-05, 1.73265e-05, -4.60508e-06, 1.73265e-05, 8.93173e-06, -4.4697e-06, -4.60508e-06, -4.4697e-06, 9.32237e-05, 0
-0.365402, -0.0156085, 0.992463, 0, 0, 0.122546, 0.000105664, 2.05059e-05, -4.08742e-06, 2.05059e-05, 1.04614e-05, -9.13607e-06, -4.08742e-06, -9.13607e-06, 0.000105742, 0
-0.403525, -0.0256263, 0.992067, 0, 0, 0.125706, 0.000113994, 2.35182e-05, -3.65613e-06, 2.35182e-05, 1.2472e-05, -1.41083e-05, -3.65613e-06, -1.41083e-05, 0.000117702, 0
-0.442597, -0.0360772, 0.991575, 0, 0, 0.129534, 0.000120019, 2.59803e-05, -3.30371e-06, 2.59803e-05, 1.48062e-05, -1.90601e-05, -3.30371e-06, -1.90601e-05, 0.000127492, 0
-0.477507, -0.0456288, 0.991125, 0, 0, 0.132936, 0.000122852, 2.76297e-05, -3.00402e-06, 2.76297e-05, 1.72515e-05, -2.36066e-05, -3.00402e-06, -2.36067e-05, 0.000133936, 0
-0.511582, -0.0548427, 0.990722, 0, 0, 0.135905, 0.000122188, 2.82992e-05, -2.76235e-06, 2.82992e-05, 1.9536e-05, -2.73977e-05, -2.76235e-06, -2.73977e-05, 0.000136445, 0
-0.540263, -0.0627901, 0.990253, 0, 0, 0.139281, 0.000118224, 2.79721e-05, -2.58369e-06, 2.79721e-05, 2.13997e-05, -3.01683e-05, -2.58369e-06, -3.01683e-05, 0.000135002, 0
-0.562387, -0.0688888, 0.989802, 0, 0, 0.142451, 0.000111568, 2.67875e-05, -2.48755e-06, 2.67875e-05, 2.26521e-05, -3.17833e-05, -2.48755e-06, -3.17833e-05, 0.000130136, 0
-0.579685, -0.0734543, 0.989349, 0, 0, 0.145565, 0.000103159, 2.49886e-05, -2.50639e-06, 2.49886e-05, 2.31886e-05, -3.22376e-05, -2.50639e-06, -3.22376e-05, 0.000122806, 0
-0.589924, -0.0758312, 0.988886, 0, 0, 0.148678, 9.41591e-05, 2.29141e-05, -2.6632e-06, 2.29141e-05, 2.30188e-05, -3.16215e-05, -2.6632e-06, -3.16215e-05, 0.00011429, 0
-0.590766, -0.0753249, 0.988414, 0, 0, 0.151779, 8.58481e-05, 2.09651e-05, -2.97895e-06, 2.09651e-05, 2.22663e-05, -3.00831e-05, -2.97895e-06, -3.00831e-05, 0.000106043, 0
-0.58396, -0.0722066, 0.987961, 0, 0, 0.154704, 7.9483e-05, 1.95597e-05, -3.47294e-06, 1.95597e-05, 2.11484e-05, -2.77774e-05, -3.47294e-06, -2.77774e-05, 9.95161e-05, 0
-0.569166, -0.0666181, 0.987423, 0, 0, 0.158102, 7.61125e-05, 1.90664e-05, -4.1649e-06, 1.90664e-05, 1.99368e-05, -2.48208e-05, -4.1649e-06, -2.48208e-05, 9.5916e-05, 0
-0.547318, -0.0584609, 0.986949, 0, 0, 0.161036, 7.63666e-05, 1.97326e-05, -5.09093e-06, 1.97326e-05, 1.89163e-05, -2.12833e-05, -5.09093e-06, -2.12833e-05, 9.59521e-05, 0
-0.519318, -0.0481233, 0.986548, 0, 0, 0.16347, 8.02849e-05, 2.1595e-05, -6.30124e-06, 2.1595e-05, 1.83229e-05, -1.72144e-05, -6.30124e-06, -1.72144e-05, 9.96201e-05, 0
-0.487221, -0.0363592, 0.986263, 0, 0, 0.165183, 8.72468e-05, 2.44358e-05, -7.84571e-06, 2.44358e-05, 1.82922e-05, -1.27029e-05, -7.84571e-06, -1.27029e-05, 0.000106127, 0
-0.452693, -0.023931, 0.986131, 0, 0, 0.165967, 9.60692e-05, 2.78021e-05, -9.73285e-06, 2.78021e-05, 1.88214e-05, -7.93407e-06, -9.73285e-06, -7.93407e-06, 0.000114039, 0
-0.416012, -0.0112082, 0.98614, 0, 0, 0.165917, 0.000105257, 3.11065e-05, -1.18855e-05, 3.11065e-05, 1.97666e-05, -3.20063e-06, -1.18855e-05, -3.20063e-06, 0.000121638, 0
-0.379195, 0.00129125, 0.986027, 0, 0, 0.166587, 0.000113314, 3.37853e-05, -1.41333e-05, 3.37853e-05, 2.08906e-05, 1.14445e-06, -1.41333e-05, 1.14445e-06, 0.000127358, 0
-0.344314, 0.0126127, 0.986083, 0, 0, 0.166254, 0.000118993, 3.54785e-05, -1.62596e-05, 3.54785e-05, 2.19666e-05, 4.7696e-06, -1.62596e-05, 4.7696e-06, 0.000130115, 0
-0.310116, 0.0236757, 0.985926, 0, 0, 0.167181, 0.000121543, 3.59677e-05, -1.80121e-05, 3.59677e-05, 2.27439e-05, 7.46208e-06, -1.80121e-05, 7.46208e-06, 0.000129423, 0
-0.279417, 0.0333998, 0.985744, 0, 0, 0.168251, 0.000120681, 3.5305e-05, -1.92455e-05, 3.5305e-05, 2.30958e-05, 9.12842e-06, -1.92455e-05, 9.12842e-06, 0.000125355, 0
-0.254723, 0.0414447, 0.985338, 0, 0, 0.170611, 0.000116634, 3.36541e-05, -1.9871e-05, 3.36541e-05, 2.29506e-05, 9.81173e-06, -1.9871e-05, 9.81173e-06, 0.000118407, 0
-0.233443, 0.0481644, 0.984929, 0, 0, 0.172958, 0.000110025, 3.13033e-05, -1.98963e-05, 3.13033e-05, 2.23413e-05, 9.63939e-06, -1.98963e-05, 9.63939e-06, 0.000109391, 0
-0.218826, 0.0528265, 0.984361, 0, 0, 0.176161, 0.00010182, 2.85907e-05, -1.94091e-05, 2.85907e-05, 2.13626e-05, 8.77085e-06, -1.94091e-05, 8.77085e-06, 9.93471e-05, 0
-0.212216, 0.0541724, 0.983914, 0, 0, 0.178645, 9.31926e-05, 2.59195e-05, -1.85318e-05, 2.59195e-05, 2.01897e-05, 7.36848e-06, -1.85318e-05, 7.36848e-06, 8.94895e-05, 0
-0.21342, 0.0531154, 0.983228, 0, 0, 0.182382, 8.54119e-05, 2.37221e-05, -1.73898e-05, 2.37221e-05, 1.9051e-05, 5.5633e-06, -1.73898e-05, 5.5633e-06, 8.11234e-05, 0
-0.222516, 0.0489775, 0.982501, 0, 0, 0.186256, 7.96811e-05, 2.24242e-05, -1.61004e-05, 2.24242e-05, 1.82054e-05, 3.42542e-06, -1.61004e-05, 3.42542e-06, 7.55158e-05, 0
-0.239265, 0.0415946, 0.9818, 0, 0, 0.189917, 7.69348e-05, 2.23791e-05, -1.47414e-05, 2.23791e-05, 1.79116e-05, 9.54177e-07, -1.47414e-05, 9.54177e-07, 7.36962e-05, 0
-0.262724, 0.0313926, 0.981054, 0, 0, 0.193736, 7.76412e-05, 2.37809e-05, -1.3361e-05, 2.37809e-05, 1.83856e-05, -1.92247e-06, -1.3361e-05, -1.92247e-06, 7.62255e-05, 0
-0.29187, 0.0185959, 0.980346, 0, 0, 0.197286, 8.16491e-05, 2.65929e-05, -1.19969e-05, 2.65929e-05, 1.97647e-05, -5.31975e-06, -1.19969e-05, -5.31975e-06, 8.29996e-05, 0
-0.324343, 0.0041691, 0.979587, 0, 0, 0.20102, 8.81777e-05, 3.05066e-05, -1.06917e-05, 3.05066e-05, 2.2066e-05, -9.33546e-06, -1.06917e-05, -9.33546e-06, 9.3182e-05, 0
-0.359765, -0.0117332, 0.978795, 0, 0, 0.20484, 9.59499e-05, 3.49992e-05, -9.49213e-06, 3.49992e-05, 2.51911e-05, -1.39759e-05, -9.49213e-06, -1.39759e-05, 0.000105329, 0
-0.395828, -0.0281821, 0.978026, 0, 0, 0.208482, 0.00010349, 3.94304e-05, -8.42683e-06, 3.94304e-05, 2.89223e-05, -1.90946e-05, -8.42683e-06, -1.90946e-05, 0.000117678, 0
-0.430133, -0.0441345, 0.977256, 0, 0, 0.212062, 0.00010946, 4.31719e-05, -7.50605e-06, 4.31719e-05, 3.2939e-05, -2.4395e-05, -7.50605e-06, -2.4395e-05, 0.00012851, 0
-0.464923, -0.0604151, 0.976447, 0, 0, 0.215755, 0.000112889, 4.57376e-05, -6.72576e-06, 4.57376e-05, 3.68704e-05, -2.94851e-05, -6.72576e-06, -2.94851e-05, 0.000136455, 0
-0.495342, -0.0749394, 0.975634, 0, 0, 0.219405, 0.000113286, 4.68477e-05, -6.06188e-06, 4.68477e-05, 4.03402e-05, -3.39496e-05, -6.06188e-06, -3.39496e-05, 0.000140663, 0
-0.522563, -0.0879581, 0.974877, 0, 0, 0.222742, 0.000110653, 4.64477e-05, -5.53001e-06, 4.64477e-05, 4.30164e-05, -3.74604e-05, -5.53001e-06, -3.74604e-05, 0.000140883, 0
-0.54416, -0.0982813, 0.97417, 0, 0, 0.225815, 0.000105408, 4.46894e-05, -5.15577e-06, 4.46894e-05, 4.46598e-05, -3.98092e-05, -5.15577e-06, -3.98092e-05, 0.000137416, 0
-0.561975, -0.106628, 0.973454, 0, 0, 0.228881, 9.82806e-05, 4.19105e-05, -4.98242e-06, 4.19105e-05, 4.51795e-05, -4.09338e-05, -4.98242e-06, -4.09338e-05, 0.000131043, 0
-0.573155, -0.111562, 0.972769, 0, 0, 0.231777, 9.02308e-05, 3.85857e-05, -5.04028e-06, 3.85857e-05, 4.46464e-05, -4.08857e-05, -5.04028e-06, -4.08857e-05, 0.000122914, 0
-0.57692, -0.112779, 0.97202, 0, 0, 0.234897, 8.23587e-05, 3.52822e-05, -5.36212e-06, 3.52822e-05, 4.32922e-05, -3.98069e-05, -5.36212e-06, -3.98069e-05, 0.000114427, 0
-0.573652, -0.110093, 0.971342, 0, 0, 0.237685, 7.57923e-05, 3.25966e-05, -5.96939e-06, 3.25966e-05, 4.14761e-05, -3.7867e-05, -5.96939e-06, -3.7867e-05, 0.000107063, 0
-0.562977, -0.103283, 0.970758, 0, 0, 0.240062, 7.1543e-05, 3.10743e-05, -6.8814e-06, 3.10743e-05, 3.96279e-05, -3.52154e-05, -6.8814e-06, -3.52154e-05, 0.000102161, 0
-0.545775, -0.0929257, 0.970205, 0, 0, 0.242284, 7.0338e-05, 3.11087e-05, -8.1294e-06, 3.11087e-05, 3.81681e-05, -3.19577e-05, -8.1294e-06, -3.19577e-05, 0.000100674, 0
-0.522202, -0.0791659, 0.969754, 0, 0, 0.244084, 7.2453e-05, 3.28395e-05, -9.76537e-06, 3.28395e-05, 3.74226e-05, -2.81675e-05, -9.76537e-06, -2.81675e-05, 0.000102921, 0
-0.493825, -0.0629479, 0.969385, 0, 0, 0.245544, 7.76146e-05, 3.6081e-05, -1.1853e-05, 3.6081e-05, 3.75428e-05, -2.39362e-05, -1.1853e-05, -2.39362e-05, 0.000108444, 0
-0.463628, -0.0458856, 0.969311, 0, 0, 0.245838, 8.50111e-05, 4.03304e-05, -1.44262e-05, 4.03304e-05, 3.84673e-05, -1.9428e-05, -1.44261e-05, -1.9428e-05, 0.000116056, 0
-0.430091, -0.0274941, 0.969172, 0, 0, 0.246387, 9.34679e-05, 4.48452e-05, -1.74127e-05, 4.48452e-05, 3.99039e-05, -1.48905e-05, -1.74127e-05, -1.48905e-05, 0.000124113, 0
-0.396068, -0.00902985, 0.968858, 0, 0, 0.247615, 0.000101627, 4.88766e-05, -2.06425e-05, 4.88766e-05, 4.14893e-05, -1.06489e-05, -2.06425e-05, -1.06489e-05, 0.000130952, 0
-0.364236, 0.00780296, 0.968854, 0, 0, 0.247634, 0.000108232, 5.18161e-05, -2.38346e-05, 5.18161e-05, 4.28549e-05, -7.01074e-06, -2.38346e-05, -7.01075e-06, 0.000135258, 0
-0.332982, 0.0236847, 0.969025, 0, 0, 0.246964, 0.000112398, 5.32388e-05, -2.66215e-05, 5.32388e-05, 4.36214e-05, -4.16617e-06, -2.66215e-05, -4.16617e-06, 0.000136273, 0
-0.295015, 0.0446282, 0.967778, 0, 0, 0.251806, 0.000113623, 5.30155e-05, -2.87147e-05, 5.30155e-05, 4.35749e-05, -2.20368e-06, -2.87147e-05, -2.20368e-06, 0.000133819, 0
-0.26232, 0.0630927, 0.966507, 0, 0, 0.256642, 0.000111782, 5.13774e-05, -3.01065e-05, 5.13774e-05, 4.28009e-05, -1.20213e-06, -3.01065e-05, -1.20213e-06, 0.000128241, 0
-0.236137, 0.0782263, 0.965211, 0, 0, 0.261471, 0.000107276, 4.85794e-05, -3.06846e-05, 4.85794e-05, 4.1314e-05, -1.02729e-06, -3.06846e-05, -1.02729e-06, 0.000120195, 0
-0.217435, 0.0892873, 0.963892, 0, 0, 0.266294, 0.00010082, 4.50247e-05, -3.04576e-05, 4.50247e-05, 3.92755e-05, -1.51493e-06, -3.04576e-05, -1.51493e-06, 0.000110607, 0
-0.20687, 0.0956794, 0.962548, 0, 0, 0.27111, 9.33556e-05, 4.12286e-05, -2.95354e-05, 4.12286e-05, 3.69766e-05, -2.51596e-06, -2.95354e-05, -2.51596e-06, 0.000100614, 0
-0.204763, 0.0969826, 0.961181, 0, 0, 0.275919, 8.59572e-05, 3.77768e-05, -2.80872e-05, 3.77768e-05, 3.48111e-05, -3.92181e-06, -2.80872e-05, -3.92181e-06, 9.14982e-05, 0
-0.211096, 0.092976, 0.959789, 0, 0, 0.280721, 7.96969e-05, 3.52684e-05, -2.62898e-05, 3.52684e-05, 3.32351e-05, -5.67654e-06, -2.62898e-05, -5.67654e-06, 8.45775e-05, 0
-0.22551, 0.0836537, 0.958374, 0, 0, 0.285517, 7.54869e-05, 3.42314e-05, -2.42861e-05, 3.42314e-05, 3.27088e-05, -7.78463e-06, -2.42861e-05, -7.78463e-06, 8.10278e-05, 0
-0.247327, 0.0692318, 0.956934, 0, 0, 0.290305, 7.39089e-05, 3.50164e-05, -2.21713e-05, 3.50164e-05, 3.36191e-05, -1.03155e-05, -2.21713e-05, -1.03155e-05, 8.16503e-05, 0
-0.275583, 0.0501452, 0.955471, 0, 0, 0.295086, 7.50732e-05, 3.76913e-05, -2.00077e-05, 3.76913e-05, 3.61971e-05, -1.33929e-05, -2.00077e-05, -1.33929e-05, 8.66452e-05, 0
-0.309066, 0.0270362, 0.953983, 0, 0, 0.29986, 7.85637e-05, 4.19798e-05, -1.78508e-05, 4.19798e-05, 4.04524e-05, -1.71519e-05, -1.78508e-05, -1.71519e-05, 9.54805e-05, 0
-0.346373, 0.000733782, 0.952472, 0, 0, 0.304626, 8.35105e-05, 4.72832e-05, -1.57598e-05, 4.72833e-05, 4.61472e-05, -2.16623e-05, -1.57598e-05, -2.16623e-05, 0.000106938, 0
-0.385967, -0.0277777, 0.950937, 0, 0, 0.309384, 8.87868e-05, 5.27944e-05, -1.37869e-05, 5.27944e-05, 5.2822e-05, -2.68462e-05, -1.37869e-05, -2.68462e-05, 0.000119348, 0
-0.426239, -0.0573936, 0.949378, 0, 0, 0.314135, 9.32677e-05, 5.76681e-05, -1.19624e-05, 5.76681e-05, 5.98614e-05, -3.24419e-05, -1.19624e-05, -3.24419e-05, 0.000130933, 0
-0.465577, -0.0869341, 0.947796, 0, 0, 0.318878, 9.60587e-05, 6.11921e-05, -1.02982e-05, 6.11921e-05, 6.6585e-05, -3.80368e-05, -1.02982e-05, -3.80368e-05, 0.000140149, 0
-0.502432, -0.11519, 0.946189, 0, 0, 0.323613, 9.66326e-05, 6.29065e-05, -8.80496e-06, 6.29065e-05, 7.23438e-05, -4.31625e-05, -8.80496e-06, -4.31625e-05, 0.000145915, 0
-0.535374, -0.140973, 0.94456, 0, 0, 0.32834, 9.48584e-05, 6.26553e-05, -7.51575e-06, 6.26553e-05, 7.66104e-05, -4.74011e-05, -7.51575e-06, -4.74011e-05, 0.000147726, 0
-0.563154, -0.163168, 0.942906, 0, 0, 0.333059, 9.09589e-05, 6.05783e-05, -6.48879e-06, 6.05783e-05, 7.90528e-05, -5.04662e-05, -6.48879e-06, -5.04662e-05, 0.000145656, 0
-0.58475, -0.180778, 0.941229, 0, 0, 0.337769, 8.54334e-05, 5.7066e-05, -5.79674e-06, 5.70659e-05, 7.95848e-05, -5.2236e-05, -5.79674e-06, -5.2236e-05, 0.000140297, 0
-0.599402, -0.192972, 0.939528, 0, 0, 0.342471, 7.89774e-05, 5.26982e-05, -5.50733e-06, 5.26982e-05, 7.83872e-05, -5.27425e-05, -5.50733e-06, -5.27426e-05, 0.000132668, 0
-0.606642, -0.199122, 0.937804, 0, 0, 0.347164, 7.24035e-05, 4.81772e-05, -5.66789e-06, 4.81772e-05, 7.58966e-05, -5.21274e-05, -5.66788e-06, -5.21274e-05, 0.000124085, 0
-0.606308, -0.198832, 0.936057, 0, 0, 0.351849, 6.65579e-05, 4.42516e-05, -6.30261e-06, 4.42516e-05, 7.2756e-05, -5.05845e-05, -6.3026e-06, -5.05845e-05, 0.000116022, 0
-0.598542, -0.191964, 0.934286, 0, 0, 0.356525, 6.22234e-05, 4.16273e-05, -7.42348e-06, 4.16273e-05, 6.97284e-05, -4.83054e-05, -7.42348e-06, -4.83055e-05, 0.000109909, 0
-0.583784, -0.178648, 0.932492, 0, 0, 0.361192, 6.0007e-05, 4.08597e-05, -9.05112e-06, 4.08597e-05, 6.75726e-05, -4.54469e-05, -9.05111e-06, -4.54469e-05, 0.000106899, 0
-0.562746, -0.15928, 0.930674, 0, 0, 0.36585, 6.02306e-05, 4.22404e-05, -1.1234e-05, 4.22404e-05, 6.68979e-05, -4.21342e-05, -1.1234e-05, -4.21342e-05, 0.000107611, 0
-0.536379, -0.134514, 0.928833, 0, 0, 0.370498, 6.2854e-05, 4.5707e-05, -1.40482e-05, 4.5707e-05, 6.80223e-05, -3.85023e-05, -1.40482e-05, -3.85023e-05, 0.00011194, 0
-0.50583, -0.10524, 0.926969, 0, 0, 0.375138, 6.74683e-05, 5.08202e-05, -1.75623e-05, 5.08202e-05, 7.08789e-05, -3.47474e-05, -1.75623e-05, -3.47474e-05, 0.000119016, 0
-0.472393, -0.0725508, 0.925082, 0, 0, 0.379768, 7.3371e-05, 5.68375e-05, -2.1769e-05, 5.68375e-05, 7.50111e-05, -3.11469e-05, -2.1769e-05, -3.11469e-05, 0.00012739, 0
-0.437455, -0.0377038, 0.923171, 0, 0, 0.384389, 7.97033e-05, 6.28714e-05, -2.65199e-05, 6.28714e-05, 7.96747e-05, -2.80116e-05, -2.65199e-05, -2.80116e-05, 0.000135401, 0
-0.402434, -0.00206839, 0.921238, 0, 0, 0.389, 8.56007e-05, 6.80777e-05, -3.15057e-05, 6.80777e-05, 8.40172e-05, -2.55971e-05, -3.15057e-05, -2.55971e-05, 0.000141582, 0
-0.368724, 0.0329259, 0.919281, 0, 0, 0.393601, 9.03166e-05, 7.1806e-05, -3.63034e-05, 7.1806e-05, 8.72698e-05, -2.40216e-05, -3.63034e-05, -2.40216e-05, 0.000144928, 0
-0.337639, 0.0658481, 0.917302, 0, 0, 0.398193, 9.33042e-05, 7.36777e-05, -4.04704e-05, 7.36776e-05, 8.88913e-05, -2.32449e-05, -4.04704e-05, -2.32449e-05, 0.000144971, 0
-0.31036, 0.0953246, 0.915299, 0, 0, 0.402774, 9.42615e-05, 7.35989e-05, -4.36397e-05, 7.35988e-05, 8.8641e-05, -2.31121e-05, -4.36396e-05, -2.31121e-05, 0.000141729, 0
-0.287889, 0.120097, 0.913274, 0, 0, 0.407345, 9.31494e-05, 7.17354e-05, -4.55858e-05, 7.17353e-05, 8.65902e-05, -2.34296e-05, -4.55858e-05, -2.34296e-05, 0.000135612, 0
-0.271017, 0.139076, 0.911226, 0, 0, 0.411907, 9.01879e-05, 6.84723e-05, -4.62506e-05, 6.84723e-05, 8.30972e-05, -2.40333e-05, -4.62506e-05, -2.40333e-05, 0.00012735, 0
-0.260288, 0.15139, 0.909155, 0, 0, 0.416458, 8.58262e-05, 6.43678e-05, -4.57293e-05, 6.43678e-05, 7.8766e-05, -2.48281e-05, -4.57293e-05, -2.48281e-05, 0.000117957, 0
-0.255991, 0.156422, 0.907061, 0, 0, 0.420998, 8.06834e-05, 6.00961e-05, -4.42244e-05, 6.00961e-05, 7.43898e-05, -2.57934e-05, -4.42244e-05, -2.57934e-05, 0.00010867, 0
-0.258148, 0.153845, 0.904945, 0, 0, 0.425528, 7.54591e-05, 5.63724e-05, -4.19811e-05, 5.63724e-05, 7.08741e-05, -2.69687e-05, -4.19811e-05, -2.69687e-05, 0.000100855, 0
-0.266519, 0.143634, 0.902806, 0, 0, 0.430048, 7.08226e-05, 5.38547e-05, -3.9225e-05, 5.38547e-05, 6.91284e-05, -2.84387e-05, -3.9225e-05, -2.84387e-05, 9.58302e-05, 0
-0.280623, 0.126075, 0.900645, 0, 0, 0.434556, 6.72963e-05, 5.30282e-05, -3.61235e-05, 5.30282e-05, 6.9926e-05, -3.03299e-05, -3.61235e-05, -3.03299e-05, 9.46373e-05, 0
-0.299757, 0.101759, 0.898461, 0, 0, 0.439054, 6.51568e-05, 5.40917e-05, -3.27853e-05, 5.40916e-05, 7.3751e-05, -3.28144e-05, -3.27853e-05, -3.28144e-05, 9.77896e-05, 0
-0.323035, 0.0715613, 0.896254, 0, 0, 0.443541, 6.43818e-05, 5.6883e-05, -2.9289e-05, 5.6883e-05, 8.06725e-05, -3.60935e-05, -2.9289e-05, -3.60935e-05, 0.000105088, 0
-0.349423, 0.0366108, 0.894025, 0, 0, 0.448017, 6.46633e-05, 6.08822e-05, -2.57147e-05, 6.08822e-05, 9.02938e-05, -4.03356e-05, -2.57147e-05, -4.03356e-05, 0.000115594, 0
-0.377792, -0.00175408, 0.891774, 0, 0, 0.452481, 6.54923e-05, 6.5308e-05, -2.2154e-05, 6.5308e-05, 0.000101797, -4.55776e-05, -2.2154e-05, -4.55776e-05, 0.000127807, 0
-0.406959, -0.0420352, 0.8895, 0, 0, 0.456934, 6.62911e-05, 6.92881e-05, -1.87007e-05, 6.92881e-05, 0.000114071, -5.16397e-05, -1.87007e-05, -5.16397e-05, 0.000139978, 0
-0.435742, -0.0826348, 0.887205, 0, 0, 0.461376, 6.6549e-05, 7.20469e-05, -1.54381e-05, 7.20469e-05, 0.000125891, -5.81159e-05, -1.54381e-05, -5.81159e-05, 0.00015046, 0
-0.463006, -0.12192, 0.884887, 0, 0, 0.465806, 6.59187e-05, 7.30555e-05, -1.24466e-05, 7.30555e-05, 0.000136094, -6.44573e-05, -1.24466e-05, -6.44573e-05, 0.000157973, 0
-0.48771, -0.158286, 0.882547, 0, 0, 0.470225, 6.42549e-05, 7.21097e-05, -9.81552e-06, 7.21097e-05, 0.000143745, -7.0106e-05, -9.81552e-06, -7.0106e-05, 0.000161757, 0
-0.508944, -0.190227, 0.880185, 0, 0, 0.474632, 6.16042e-05, 6.93356e-05, -7.65093e-06, 6.93356e-05, 0.000148267, -7.46207e-05, -7.65093e-06, -7.46207e-05, 0.000161616, 0
-0.525967, -0.216397, 0.8778, 0, 0, 0.479027, 5.8168e-05, 6.5139e-05, -6.06619e-06, 6.5139e-05, 0.000149511, -7.77527e-05, -6.06619e-06, -7.77527e-05, 0.000157896, 0
-0.538227, -0.235664, 0.875394, 0, 0, 0.48341, 5.42585e-05, 6.01261e-05, -5.16105e-06, 6.01261e-05, 0.000147785, -7.94578e-05, -5.16105e-06, -7.94578e-05, 0.000151415, 0
-0.545385, -0.247164, 0.872966, 0, 0, 0.487781, 5.02571e-05, 5.50158e-05, -5.00314e-06, 5.50158e-05, 0.000143812, -7.98565e-05, -5.00314e-06, -7.98565e-05, 0.00014336, 0
-0.547315, -0.250336, 0.870516, 0, 0, 0.492139, 4.6575e-05, 5.05521e-05, -5.62113e-06, 5.05521e-05, 0.000138647, -7.91683e-05, -5.62113e-06, -7.91683e-05, 0.000135156, 0
-0.544111, -0.24495, 0.868045, 0, 0, 0.496486, 4.36112e-05, 4.74184e-05, -7.01562e-06, 4.74184e-05, 0.000133533, -7.76434e-05, -7.01562e-06, -7.76434e-05, 0.000128283, 0
-0.53607, -0.231121, 0.865552, 0, 0, 0.50082, 4.17069e-05, 4.615e-05, -9.1834e-06, 4.615e-05, 0.000129717, -7.5515e-05, -9.1834e-06, -7.5515e-05, 0.00012406, 0
-0.523675, -0.209307, 0.863037, 0, 0, 0.505141, 4.10993e-05, 4.705e-05, -1.21432e-05, 4.705e-05, 0.000128232, -7.29911e-05, -1.21432e-05, -7.29911e-05, 0.000123385, 0
-0.507572, -0.180295, 0.8605, 0, 0, 0.50945, 4.18871e-05, 5.01243e-05, -1.59429e-05, 5.01243e-05, 0.000129689, -7.0286e-05, -1.59429e-05, -7.0286e-05, 0.000126509, 0
-0.488534, -0.145172, 0.857942, 0, 0, 0.513746, 4.40185e-05, 5.50636e-05, -2.06315e-05, 5.50636e-05, 0.000134121, -6.76642e-05, -2.06315e-05, -6.76642e-05, 0.000132923, 0
-0.467427, -0.105285, 0.855363, 0, 0, 0.518029, 4.73025e-05, 6.12931e-05, -2.61931e-05, 6.12931e-05, 0.000140956, -6.54486e-05, -2.61931e-05, -6.54486e-05, 0.000141445, 0
-0.44517, -0.0621871, 0.852762, 0, 0, 0.5223, 5.14359e-05, 6.80822e-05, -3.24744e-05, 6.80822e-05, 0.000149131, -6.39592e-05, -3.24744e-05, -6.39592e-05, 0.000150517, 0
-0.422696, -0.0175801, 0.85014, 0, 0, 0.526557, 5.60344e-05, 7.46793e-05, -3.91534e-05, 7.46793e-05, 0.000157344, -6.34034e-05, -3.91534e-05, -6.34034e-05, 0.000158588, 0
-0.40091, 0.026758, 0.847496, 0, 0, 0.530801, 6.06625e-05, 8.04238e-05, -4.57713e-05, 8.04238e-05, 0.000164326, -6.37879e-05, -4.57713e-05, -6.37879e-05, 0.00016443, 0
-0.380656, 0.0690417, 0.844832, 0, 0, 0.535032, 6.48698e-05, 8.4816e-05, -5.18186e-05, 8.48159e-05, 0.000169079, -6.4915e-05, -5.18186e-05, -6.4915e-05, 0.000167275, 0
-0.362681, 0.107552, 0.842146, 0, 0, 0.539249, 6.82375e-05, 8.7549e-05, -5.68321e-05, 8.75489e-05, 0.000171012, -6.64597e-05, -5.68321e-05, -6.64597e-05, 0.000166823, 0
-0.347609, 0.140704, 0.839439, 0, 0, 0.543453, 7.04314e-05, 8.85193e-05, -6.04702e-05, 8.85193e-05, 0.000169994, -6.8084e-05, -6.04702e-05, -6.8084e-05, 0.00016319, 0
-0.335917, 0.167118, 0.836712, 0, 0, 0.547644, 7.12491e-05, 8.78257e-05, -6.25531e-05, 8.78257e-05, 0.000166351, -6.95365e-05, -6.25531e-05, -6.95365e-05, 0.000156868, 0
-0.327926, 0.185672, 0.833963, 0, 0, 0.55182, 7.06494e-05, 8.57532e-05, -6.30673e-05, 8.57532e-05, 0.000160829, -7.07029e-05, -6.30673e-05, -7.07029e-05, 0.000148696, 0
-0.323786, 0.195552, 0.831194, 0, 0, 0.555983, 6.87534e-05, 8.27378e-05, -6.21389e-05, 8.27378e-05, 0.000154517, -7.16079e-05, -6.21389e-05, -7.16079e-05, 0.000139822, 0
-0.323486, 0.19629, 0.828403, 0, 0, 0.560132, 6.58159e-05, 7.93046e-05, -5.99813e-05, 7.93045e-05, 0.000148733, -7.23804e-05, -5.99812e-05, -7.23804e-05, 0.000131612, 0
-0.326853, 0.18778, 0.825592, 0, 0, 0.564267, 6.21728e-05, 7.59832e-05, -5.68314e-05, 7.59831e-05, 0.000144862, -7.32116e-05, -5.68314e-05, -7.32116e-05, 0.000125493, 0
-0.33357, 0.170291, 0.822761, 0, 0, 0.568388, 5.81787e-05, 7.32108e-05, -5.28938e-05, 7.32108e-05, 0.000144151, -7.43261e-05, -5.28938e-05, -7.43262e-05, 0.000122721, 0
-0.343198, 0.144455, 0.819908, 0, 0, 0.572495, 5.41485e-05, 7.12399e-05, -4.83129e-05, 7.12399e-05, 0.000147479, -7.59768e-05, -4.83129e-05, -7.59768e-05, 0.000124119, 0
-0.355195, 0.111248, 0.817036, 0, 0, 0.576587, 5.03169e-05, 7.00736e-05, -4.31828e-05, 7.00736e-05, 0.000155173, -7.84443e-05, -4.31828e-05, -7.84443e-05, 0.000129835, 0
-0.368952, 0.0719479, 0.814143, 0, 0, 0.580665, 4.68214e-05, 6.94549e-05, -3.7587e-05, 6.94549e-05, 0.000166897, -8.20036e-05, -3.7587e-05, -8.20035e-05, 0.000139252, 0
-0.383813, 0.0280899, 0.811229, 0, 0, 0.584729, 4.37091e-05, 6.89246e-05, -3.16375e-05, 6.89246e-05, 0.000181691, -8.68355e-05, -3.16375e-05, -8.68355e-05, 0.000151085, 0
-0.399114, -0.0185974, 0.808295, 0, 0, 0.588777, 4.09615e-05, 6.79422e-05, -2.54947e-05, 6.79421e-05, 0.000198128, -9.29128e-05, -2.54947e-05, -9.29128e-05, 0.000163666, 0
-0.414209, -0.0662596, 0.805341, 0, 0, 0.592811, 3.85263e-05, 6.60333e-05, -1.93632e-05, 6.60332e-05, 0.000214554, -9.99331e-05, -1.93632e-05, -9.99331e-05, 0.000175302, 0
-0.428496, -0.112991, 0.802367, 0, 0, 0.596831, 3.63433e-05, 6.29174e-05, -1.34762e-05, 6.29173e-05, 0.000229338, -0.000107355, -1.34762e-05, -0.000107355, 0.000184571, 0
-0.441445, -0.156912, 0.799373, 0, 0, 0.600835, 3.43572e-05, 5.85756e-05, -8.08346e-06, 5.85756e-05, 0.000241105, -0.000114525, -8.08345e-06, -0.000114525, 0.000190496, 0
-0.452615, -0.196245, 0.796359, 0, 0, 0.604824, 3.25197e-05, 5.3251e-05, -3.43391e-06, 5.3251e-05, 0.00024892, -0.000120842, -3.43389e-06, -0.000120842, 0.00019263, 0
-0.46167, -0.229386, 0.793325, 0, 0, 0.608799, 3.07883e-05, 4.73925e-05, 2.43601e-07, 4.73925e-05, 0.000252413, -0.000125879, 2.43612e-07, -0.000125879, 0.000191052, 0
-0.468386, -0.254974, 0.790271, 0, 0, 0.612758, 2.91309e-05, 4.15678e-05, 2.76675e-06, 4.15678e-05, 0.000251829, -0.000129447, 2.76676e-06, -0.000129447, 0.00018634, 0
-0.472659, -0.271941, 0.787197, 0, 0, 0.616701, 2.75355e-05, 3.63715e-05, 4.02005e-06, 3.63715e-05, 0.000247998, -0.000131582, 4.02006e-06, -0.000131582, 0.000179495, 0
-0.474499, -0.279566, 0.784104, 0, 0, 0.62063, 2.60221e-05, 3.23454e-05, 3.96088e-06, 3.23454e-05, 0.000242223, -0.000132485, 3.96089e-06, -0.000132485, 0.000171834, 0
-0.474021, -0.277497, 0.780991, 0, 0, 0.624542, 2.4651e-05, 2.99176e-05, 2.60572e-06, 2.99176e-05, 0.00023611, -0.000132444, 2.60573e-06, -0.000132444, 0.000164836, 0
-0.47144, -0.265772, 0.777858, 0, 0, 0.628439, 2.3522e-05, 2.93625e-05, 7.08269e-10, 2.93624e-05, 0.000231325, -0.000131766, 7.1833e-10, -0.000131766, 0.000159936, 0
-0.467046, -0.244819, 0.774707, 0, 0, 0.632321, 2.27669e-05, 3.07765e-05, -3.81055e-06, 3.07765e-05, 0.000229338, -0.000130755, -3.81054e-06, -0.000130755, 0.000158276, 0
-0.461191, -0.215438, 0.771535, 0, 0, 0.636186, 2.25367e-05, 3.40746e-05, -8.80204e-06, 3.40746e-05, 0.000231156, -0.000129717, -8.80203e-06, -0.000129717, 0.000160452, 0
-0.454265, -0.178771, 0.768345, 0, 0, 0.640036, 2.29845e-05, 3.9011e-05, -1.49461e-05, 3.90109e-05, 0.000237114, -0.000129005, -1.4946e-05, -0.000129005, 0.000166343, 0
-0.446673, -0.136261, 0.765135, 0, 0, 0.64387, 2.42416e-05, 4.52254e-05, -2.21596e-05, 4.52254e-05, 0.000246801, -0.000129013, -2.21596e-05, -0.000129013, 0.000175097, 0
-0.43882, -0.0895882, 0.761906, 0, 0, 0.647687, 2.63852e-05, 5.23037e-05, -3.02432e-05, 5.23037e-05, 0.000259139, -0.000130106, -3.02432e-05, -0.000130106, 0.000185343, 0
-0.43108, -0.0406071, 0.758658, 0, 0, 0.651489, 2.94e-05, 5.98258e-05, -3.88526e-05, 5.98258e-05, 0.000272626, -0.000132491, -3.88526e-05, -0.000132491, 0.000195525, 0
-0.42379, 0.00872855, 0.755391, 0, 0, 0.655274, 3.31488e-05, 6.73882e-05, -4.75247e-05, 6.73882e-05, 0.000285636, -0.00013611, -4.75247e-05, -0.00013611, 0.000204239, 0
-0.417226, 0.056445, 0.752105, 0, 0, 0.659043, 3.73669e-05, 7.46032e-05, -5.57426e-05, 7.46033e-05, 0.000296705, -0.000140634, -5.57426e-05, -0.000140634, 0.000210437, 0
-0.411598, 0.100628, 0.748801, 0, 0, 0.662795, 4.16857e-05, 8.10999e-05, -6.30113e-05, 8.10999e-05, 0.000304731, -0.000145551, -6.30113e-05, -0.000145551, 0.000213497, 0
-0.40704, 0.1395, 0.745478, 0, 0, 0.666531, 4.56806e-05, 8.65371e-05, -6.89149e-05, 8.65371e-05, 0.0003091, -0.000150318, -6.89149e-05, -0.000150318, 0.000213223, 0
-0.403613, 0.171494, 0.742136, 0, 0, 0.67025, 4.8931e-05, 9.06316e-05, -7.31547e-05, 9.06316e-05, 0.000309754, -0.000154498, -7.31547e-05, -0.000154498, 0.000209835, 0
-0.401303, 0.195314, 0.738775, 0, 0, 0.673952, 5.10811e-05, 9.31867e-05, -7.5565e-05, 9.31867e-05, 0.000307197, -0.00015784, -7.5565e-05, -0.00015784, 0.00020396, 0
-0.400027, 0.209993, 0.735396, 0, 0, 0.677637, 5.18876e-05, 9.4108e-05, -7.61117e-05, 9.41081e-05, 0.000302449, -0.000160302, -7.61117e-05, -0.000160302, 0.000196602, 0
-0.399648, 0.214925, 0.731999, 0, 0, 0.681306, 5.125e-05, 9.33979e-05, -7.48688e-05, 9.33979e-05, 0.000296931, -0.000162017, -7.48689e-05, -0.000162017, 0.000189069, 0
-0.399983, 0.209901, 0.728583, 0, 0, 0.684957, 4.92179e-05, 9.11293e-05, -7.19769e-05, 9.11293e-05, 0.000292276, -0.000163236, -7.19769e-05, -0.000163236, 0.00018283, 0
-0.400823, 0.195106, 0.725149, 0, 0, 0.688592, 4.59783e-05, 8.74082e-05, -6.75926e-05, 8.74082e-05, 0.000290084, -0.000164273, -6.75926e-05, -0.000164272, 0.000179304, 0
-0.401944, 0.171122, 0.721697, 0, 0, 0.692209, 4.18308e-05, 8.23357e-05, -6.18469e-05, 8.23358e-05, 0.00029164, -0.000165472, -6.18469e-05, -0.000165472, 0.000179585, 0
-0.403128, 0.138899, 0.718227, 0, 0, 0.695809, 3.71546e-05, 7.59829e-05, -5.483e-05, 7.59829e-05, 0.000297665, -0.000167203, -5.483e-05, -0.000167203, 0.000184175, 0
-0.404174, 0.0997196, 0.714739, 0, 0, 0.699391, 3.23724e-05, 6.83856e-05, -4.66158e-05, 6.83856e-05, 0.00030814, -0.000169844, -4.66158e-05, -0.000169843, 0.000192812, 0
-0.404919, 0.0551455, 0.711233, 0, 0, 0.702956, 2.79071e-05, 5.95656e-05, -3.73158e-05, 5.95656e-05, 0.000322295, -0.000173722, -3.73158e-05, -0.000173722, 0.000204481, 0
-0.405242, 0.006957, 0.70771, 0, 0, 0.706503, 2.41337e-05, 4.95774e-05, -2.71361e-05, 4.95774e-05, 0.00033875, -0.000179011, -2.71361e-05, -0.000179011, 0.000217648, 0
-0.405077, -0.0429204, 0.704168, 0, 0, 0.710033, 2.13276e-05, 3.8572e-05, -1.64057e-05, 3.8572e-05, 0.000355784, -0.000185619, -1.64057e-05, -0.000185619, 0.000230616, 0
-0.404418, -0.0924933, 0.700609, 0, 0, 0.713545, 1.96226e-05, 2.6851e-05, -5.56674e-06, 2.6851e-05, 0.000371641, -0.000193168, -5.56674e-06, -0.000193168, 0.000241861, 0
-0.403316, -0.139781, 0.697033, 0, 0, 0.717039, 1.89876e-05, 1.48855e-05, 4.86667e-06, 1.48855e-05, 0.000384803, -0.000201074, 4.86667e-06, -0.000201074, 0.000250249, 0
-0.40188, -0.182895, 0.693439, 0, 0, 0.720515, 1.92318e-05, 3.28331e-06, 1.43651e-05, 3.2833e-06, 0.000394197, -0.0002087, 1.43651e-05, -0.0002087, 0.000255127, 0
-0.400268, -0.220115, 0.689828, 0, 0, 0.723974, 2.00405e-05, -7.28923e-06, 2.24402e-05, -7.28924e-06, 0.000399339, -0.000215518, 2.24402e-05, -0.000215518, 0.000256343, 0
-0.398676, -0.249961, 0.686199, 0, 0, 0.727414, 2.10361e-05, -1.62062e-05, 2.86964e-05, -1.62062e-05, 0.000400396, -0.00022121, 2.86964e-05, -0.00022121, 0.00025423, 0
-0.397327, -0.271247, 0.682554, 0, 0, 0.730835, 2.18516e-05, -2.29742e-05, 3.28663e-05, -2.29742e-05, 0.000398168, -0.000225703, 3.28663e-05, -0.000225703, 0.000249568, 0
-0.396454, -0.283134, 0.678891, 0, 0, 0.734239, 2.22024e-05, -2.72958e-05, 3.48223e-05, -2.72958e-05, 0.000393994, -0.000229137, 3.48223e-05, -0.000229137, 0.000243511, 0
-0.396285, -0.285162, 0.675211, 0, 0, 0.737624, 2.19385e-05, -2.90912e-05, 3.45613e-05, -2.90912e-05, 0.000389572, -0.000231794, 3.45613e-05, -0.000231794, 0.000237471, 0
-0.397023, -0.277265, 0.671515, 0, 0, 0.740991, 2.10701e-05, -2.84813e-05, 3.21671e-05, -2.84814e-05, 0.000386734, -0.000234024, 3.21671e-05, -0.000234024, 0.000232939, 0
-0.398836, -0.259778, 0.667801, 0, 0, 0.744339, 1.97632e-05, -2.5737e-05, 2.77666e-05, -2.5737e-05, 0.000387168, -0.000236199, 2.77666e-05, -0.000236199, 0.00023125, 0
-0.401835, -0.233419, 0.664071, 0, 0, 0.747669, 1.83085e-05, -2.12072e-05, 2.15022e-05, -2.12072e-05, 0.000392146, -0.000238701, 2.15022e-05, -0.000238701, 0.000233322, 0
-0.406069, -0.19926, 0.660325, 0, 0, 0.75098, 1.707e-05, -1.52389e-05, 1.35375e-05, -1.52389e-05, 0.000402292, -0.000241941, 1.35375e-05, -0.000241941, 0.000239425, 0
-0.41151, -0.158684, 0.656562, 0, 0, 0.754272, 1.64173e-05, -8.10803e-06, 4.09395e-06, -8.10804e-06, 0.000417457, -0.000246347, 4.09395e-06, -0.000246347, 0.000249081, 0
-0.418053, -0.113328, 0.652782, 0, 0, 0.757546, 1.66525e-05, 1.42275e-08, -6.50628e-06, 1.42263e-08, 0.000436749, -0.00025229, -6.50628e-06, -0.00025229, 0.000261158, 0
-0.425518, -0.0650152, 0.648986, 0, 0, 0.7608, 1.79453e-05, 9.04035e-06, -1.78277e-05, 9.04035e-06, 0.000458708, -0.000259947, -1.78277e-05, -0.000259947, 0.000274146, 0
-0.433646, -0.0156837, 0.645174, 0, 0, 0.764036, 2.02934e-05, 1.88956e-05, -2.93525e-05, 1.88956e-05, 0.000481569, -0.000269185, -2.93525e-05, -0.000269185, 0.000286491, 0
-0.442114, 0.0326947, 0.641346, 0, 0, 0.767252, 2.35176e-05, 2.94284e-05, -4.05323e-05, 2.94284e-05, 0.00050353, -0.000279538, -4.05323e-05, -0.000279538, 0.000296863, 0
-0.450548, 0.0781933, 0.637502, 0, 0, 0.770449, 2.72879e-05, 4.03428e-05, -5.0839e-05, 4.03428e-05, 0.000522983, -0.000290303, -5.0839e-05, -0.000290303, 0.000304313, 0
-0.458537, 0.119007, 0.633641, 0, 0, 0.773627, 3.11715e-05, 5.11745e-05, -5.97933e-05, 5.11745e-05, 0.000538695, -0.00030071, -5.97933e-05, -0.00030071, 0.00030833, 0
-0.465653, 0.153527, 0.629765, 0, 0, 0.776785, 3.46947e-05, 6.13134e-05, -6.69857e-05, 6.13134e-05, 0.000549947, -0.000310085, -6.69857e-05, -0.000310085, 0.000308866, 0
-0.471474, 0.180401, 0.625874, 0, 0, 0.779924, 3.74113e-05, 7.00573e-05, -7.20902e-05, 7.00574e-05, 0.000556607, -0.000317968, -7.20902e-05, -0.000317968, 0.000306338, 0
-0.475605, 0.19859, 0.621966, 0, 0, 0.783044, 3.89714e-05, 7.66797e-05, -7.48781e-05, 7.66797e-05, 0.000559146, -0.000324153, -7.48781e-05, -0.000324153, 0.000301601, 0
-0.4777, 0.207409, 0.618043, 0, 0, 0.786144, 3.91797e-05, 8.04964e-05, -7.52219e-05, 8.04964e-05, 0.000558553, -0.000328664, -7.5222e-05, -0.000328664, 0.000295876, 0
-0.477487, 0.20655, 0.614105, 0, 0, 0.789225, 3.80348e-05, 8.0925e-05, -7.30861e-05, 8.0925e-05, 0.000556182, -0.000331699, -7.30861e-05, -0.000331699, 0.000290619, 0
-0.474781, 0.196095, 0.610151, 0, 0, 0.792285, 3.57406e-05, 7.75359e-05, -6.85008e-05, 7.75359e-05, 0.000553531, -0.000333552, -6.85008e-05, -0.000333552, 0.000287325, 0
-0.469502, 0.176511, 0.606182, 0, 0, 0.795326, 3.26874e-05, 7.00992e-05, -6.1529e-05, 7.00992e-05, 0.000551975, -0.000334571, -6.1529e-05, -0.000334571, 0.000287273, 0
-0.461686, 0.148628, 0.602198, 0, 0, 0.798347, 2.94055e-05, 5.86282e-05, -5.22425e-05, 5.86282e-05, 0.000552502, -0.000335127, -5.22425e-05, -0.000335127, 0.00029124, 0
-0.451489, 0.113603, 0.598199, 0, 0, 0.801348, 2.64955e-05, 4.34105e-05, -4.07282e-05, 4.34105e-05, 0.000555503, -0.000335618, -4.07282e-05, -0.000335618, 0.000299279, 0
-0.439189, 0.0728752, 0.594184, 0, 0, 0.804329, 2.45457e-05, 2.50146e-05, -2.71343e-05, 2.50146e-05, 0.000560694, -0.000336445, -2.71344e-05, -0.000336445, 0.000310653, 0
-0.425177, 0.0281014, 0.590155, 0, 0, 0.80729, 2.40391e-05, 4.26137e-06, -1.17448e-05, 4.2614e-06, 0.000567193, -0.000337953, -1.17449e-05, -0.000337953, 0.000323983, 0
-0.409947, -0.0189082, 0.586112, 0, 0, 0.81023, 2.52647e-05, -1.78351e-05, 4.95973e-06, -1.7835e-05, 0.000573762, -0.00034033, 4.95972e-06, -0.00034033, 0.000337593, 0
-0.39408, -0.0662657, 0.582053, 0, 0, 0.813151, 2.82462e-05, -4.01461e-05, 2.22939e-05, -4.01461e-05, 0.000579116, -0.00034354, 2.22939e-05, -0.00034354, 0.000349886, 0
-0.378218, -0.112081, 0.57798, 0, 0, 0.816051, 3.27121e-05, -6.15182e-05, 3.94216e-05, -6.15182e-05, 0.00058221, -0.000347333, 3.94216e-05, -0.000347333, 0.000359617, 0
-0.363042, -0.154539, 0.573893, 0, 0, 0.818931, 3.81241e-05, -8.08701e-05, 5.54533e-05, -8.08701e-05, 0.000582442, -0.000351352, 5.54532e-05, -0.000351352, 0.000366015, 0
-0.349238, -0.191973, 0.569791, 0, 0, 0.82179, 4.37618e-05, -9.72912e-05, 6.95558e-05, -9.72912e-05, 0.000579755, -0.000355259, 6.95558e-05, -0.000355259, 0.000368796, 0
-0.33747, -0.222926, 0.565675, 0, 0, 0.824628, 4.88514e-05, -0.000110131, 8.10419e-05, -0.000110131, 0.000574643, -0.000358857, 8.10419e-05, -0.000358857, 0.00036814, 0
-0.328348, -0.246216, 0.561545, 0, 0, 0.827447, 5.27067e-05, -0.000119058, 8.94321e-05, -0.000119058, 0.000568106, -0.000362135, 8.94321e-05, -0.000362135, 0.000364661, 0
-0.322397, -0.260974, 0.5574, 0, 0, 0.830244, 5.48544e-05, -0.000124076, 9.44769e-05, -0.000124076, 0.000561537, -0.000365265, 9.44769e-05, -0.000365265, 0.00035936, 0
-0.320029, -0.266681, 0.553242, 0, 0, 0.833021, 5.5116e-05, -0.000125494, 9.61392e-05, -0.000125494, 0.000556572, -0.000368544, 9.61392e-05, -0.000368544, 0.00035355, 0
-0.321521, -0.263184, 0.54907, 0, 0, 0.835776, 5.36309e-05, -0.000123843, 9.45464e-05, -0.000123843, 0.000554905, -0.000372327, 9.45463e-05, -0.000372327, 0.000348709, 0
-0.326996, -0.250701, 0.544884, 0, 0, 0.838511, 5.08194e-05, -0.000119767, 8.99283e-05, -0.000119767, 0.000558065, -0.000376972, 8.99283e-05, -0.000376972, 0.000346287, 0
-0.336409, -0.229808, 0.540685, 0, 0, 0.841225, 4.72945e-05, -0.000113893, 8.25707e-05, -0.000113893, 0.000567197, -0.000382813, 8.25707e-05, -0.000382813, 0.000347439, 0
-0.349546, -0.201411, 0.536472, 0, 0, 0.843918, 4.37406e-05, -0.000106704, 7.28003e-05, -0.000106703, 0.000582858, -0.000390164, 7.28003e-05, -0.000390164, 0.000352763, 0
-0.366022, -0.166711, 0.532246, 0, 0, 0.84659, 4.0782e-05, -9.84538e-05, 6.1005e-05, -9.84537e-05, 0.000604893, -0.000399302, 6.1005e-05, -0.000399302, 0.000362116, 0
-0.385293, -0.12715, 0.528006, 0, 0, 0.84924, 3.88688e-05, -8.91524e-05, 4.76597e-05, -8.91524e-05, 0.000632417, -0.000410404, 4.76597e-05, -0.000410404, 0.000374597, 0
-0.406675, -0.0843487, 0.523754, 0, 0, 0.85187, 3.82062e-05, -7.86311e-05, 3.33258e-05, -7.86311e-05, 0.000663934, -0.000423427, 3.33257e-05, -0.000423426, 0.000388736, 0
-0.429364, -0.0400447, 0.519488, 0, 0, 0.854478, 3.87428e-05, -6.66854e-05, 1.86162e-05, -6.66854e-05, 0.000697529, -0.00043801, 1.86162e-05, -0.00043801, 0.000402821, 0
-0.45247, 0.00398324, 0.515209, 0, 0, 0.857065, 4.02117e-05, -5.32378e-05, 4.14544e-06, -5.32378e-05, 0.000731095, -0.000453461, 4.14542e-06, -0.000453461, 0.000415235, 0
-0.475051, 0.0459853, 0.510917, 0, 0, 0.85963, 4.22026e-05, -3.84701e-05, -9.50145e-06, -3.847e-05, 0.000762569, -0.000468859, -9.50146e-06, -0.000468859, 0.000424706, 0
-0.496153, 0.0843109, 0.506613, 0, 0, 0.862174, 4.42418e-05, -2.28859e-05, -2.17822e-05, -2.28859e-05, 0.000790128, -0.000483236, -2.17822e-05, -0.000483236, 0.000430452, 0
-0.514847, 0.117475, 0.502295, 0, 0, 0.864696, 4.58703e-05, -7.29871e-06, -3.22007e-05, -7.29869e-06, 0.000812356, -0.000495749, -3.22008e-05, -0.000495748, 0.000432232, 0
-0.530275, 0.144215, 0.497966, 0, 0, 0.867197, 4.67152e-05, 7.24444e-06, -4.03207e-05, 7.24446e-06, 0.00082836, -0.000505792, -4.03207e-05, -0.000505792, 0.000430346, 0
-0.541684, 0.163542, 0.493623, 0, 0, 0.869676, 4.65552e-05, 1.95765e-05, -4.57871e-05, 1.95765e-05, 0.000837804, -0.000513037, -4.57871e-05, -0.000513037, 0.000425579, 0
-0.548466, 0.174771, 0.489269, 0, 0, 0.872133, 4.5373e-05, 2.85385e-05, -4.83494e-05, 2.85385e-05, 0.000840889, -0.000517403, -4.83494e-05, -0.000517403, 0.000419112, 0
-0.550185, 0.177555, 0.484902, 0, 0, 0.874568, 4.33845e-05, 3.31037e-05, -4.7875e-05, 3.31037e-05, 0.000838262, -0.000518985, -4.7875e-05, -0.000518985, 0.000412384, 0
-0.546604, 0.171885, 0.480523, 0, 0, 0.876982, 4.10317e-05, 3.24923e-05, -4.43433e-05, 3.24923e-05, 0.000830881, -0.000517986, -4.43433e-05, -0.000517985, 0.00040691, 0
-0.537701, 0.158094, 0.476132, 0, 0, 0.879374, 3.89282e-05, 2.6275e-05, -3.7826e-05, 2.6275e-05, 0.000819843, -0.000514653, -3.7826e-05, -0.000514653, 0.000404043, 0
-0.523672, 0.136835, 0.47173, 0, 0, 0.881743, 3.77611e-05, 1.44627e-05, -2.84611e-05, 1.44627e-05, 0.000806193, -0.000509264, -2.84611e-05, -0.000509264, 0.000404709, 0
-0.504936, 0.109051, 0.467315, 0, 0, 0.884091, 3.81628e-05, -2.43408e-06, -1.64404e-05, -2.43407e-06, 0.000790756, -0.000502138, -1.64404e-05, -0.000502138, 0.000409167, 0
-0.482119, 0.0759343, 0.462889, 0, 0, 0.886416, 4.05824e-05, -2.34039e-05, -2.02987e-06, -2.34039e-05, 0.000774025, -0.000493669, -2.02987e-06, -0.00049367, 0.000416884, 0
-0.456037, 0.0388763, 0.458451, 0, 0, 0.88872, 4.51853e-05, -4.70196e-05, 1.43783e-05, -4.70196e-05, 0.000756159, -0.000484332, 1.43783e-05, -0.000484332, 0.000426627, 0
-0.427662, -0.000593624, 0.454002, 0, 0, 0.891001, 5.18039e-05, -7.16086e-05, 3.22041e-05, -7.16086e-05, 0.000737101, -0.000474636, 3.22041e-05, -0.000474636, 0.000436764, 0
-0.398091, -0.0408709, 0.449541, 0, 0, 0.89326, 5.9944e-05, -9.5474e-05, 5.06611e-05, -9.54739e-05, 0.00071677, -0.000465051, 5.0661e-05, -0.000465051, 0.000445665, 0
-0.368501, -0.080342, 0.445069, 0, 0, 0.895496, 6.88452e-05, -0.000117107, 6.88085e-05, -0.000117107, 0.000695255, -0.000455947, 6.88085e-05, -0.000455947, 0.000452043, 0
-0.340099, -0.117449, 0.440586, 0, 0, 0.89771, 7.75874e-05, -0.000135343, 8.56615e-05, -0.000135343, 0.000672942, -0.00044758, 8.56615e-05, -0.00044758, 0.000455122, 0
-0.314077, -0.150751, 0.436092, 0, 0, 0.899902, 8.52284e-05, -0.000149445, 0.000100321, -0.000149445, 0.000650539, -0.000440142, 0.000100321, -0.000440142, 0.00045464, 0
-0.291558, -0.178983, 0.431587, 0, 0, 0.902071, 9.09526e-05, -0.000159122, 0.00011208, -0.000159121, 0.000629032, -0.000433819, 0.00011208, -0.000433819, 0.000450792, 0
-0.27355, -0.201103, 0.427071, 0, 0, 0.904218, 9.42052e-05, -0.000164488, 0.000120483, -0.000164488, 0.000609602, -0.00042883, 0.000120483, -0.00042883, 0.000444167, 0
-0.260898, -0.216329, 0.422545, 0, 0, 0.906342, 9.47877e-05, -0.000165998, 0.000125341, -0.000165998, 0.000593526, -0.000425436, 0.000125341, -0.000425436, 0.000435691, 0
-0.25425, -0.22417, 0.418008, 0, 0, 0.908443, 9.28969e-05, -0.000164343, 0.000126696, -0.000164343, 0.000582082, -0.000423911, 0.000126696, -0.000423911, 0.000426574, 0
-0.254019, -0.224437, 0.41346, 0, 0, 0.910522, 8.90968e-05, -0.000160344, 0.000124762, -0.000160344, 0.000576455, -0.000424504, 0.000124762, -0.000424504, 0.000418216, 0
-0.260363, -0.217251, 0.408903, 0, 0, 0.912578, 8.42246e-05, -0.00015482, 0.000119849, -0.00015482, 0.000577626, -0.000427401, 0.000119849, -0.000427401, 0.000412045, 0
-0.273177, -0.203027, 0.404335, 0, 0, 0.914611, 7.92421e-05, -0.000148465, 0.000112306, -0.000148465, 0.00058625, -0.000432718, 0.000112306, -0.000432718, 0.000409299, 0
-0.292084, -0.182457, 0.399757, 0, 0, 0.916621, 7.50541e-05, -0.000141728, 0.0001025, -0.000141728, 0.000602539, -0.000440508, 0.0001025, -0.000440508, 0.000410764, 0
-0.31645, -0.156474, 0.395169, 0, 0, 0.918609, 7.23276e-05, -0.000134736, 9.08319e-05, -0.000134736, 0.000626166, -0.000450757, 9.08319e-05, -0.000450757, 0.000416548, 0
-0.345403, -0.126212, 0.390571, 0, 0, 0.920573, 7.13598e-05, -0.000127288, 7.77619e-05, -0.000127288, 0.000656241, -0.000463357, 7.77618e-05, -0.000463357, 0.000425983, 0
-0.377863, -0.0929557, 0.385963, 0, 0, 0.922514, 7.20333e-05, -0.000118945, 6.38107e-05, -0.000118945, 0.000691356, -0.000478016, 6.38107e-05, -0.000478016, 0.000437724, 0
-0.412587, -0.0580852, 0.381346, 0, 0, 0.924433, 7.38771e-05, -0.000109207, 4.95257e-05, -0.000109207, 0.000729708, -0.000494193, 4.95257e-05, -0.000494193, 0.000450037, 0
-0.448212, -0.0230188, 0.376719, 0, 0, 0.926328, 7.62075e-05, -9.77069e-05, 3.54386e-05, -9.77069e-05, 0.000769253, -0.000511086, 3.54386e-05, -0.000511086, 0.000461154, 0
-0.48331, 0.0108449, 0.372082, 0, 0, 0.9282, 7.8294e-05, -8.43827e-05, 2.20392e-05, -8.43827e-05, 0.000807865, -0.000527718, 2.20392e-05, -0.000527718, 0.000469602, 0
-0.516449, 0.0421846, 0.367437, 0, 0, 0.930049, 7.95019e-05, -6.95581e-05, 9.77538e-06, -6.95581e-05, 0.000843488, -0.000543083, 9.77537e-06, -0.000543083, 0.000474408, 0
-0.546247, 0.0698067, 0.362782, 0, 0, 0.931874, 7.93873e-05, -5.39342e-05, -9.40126e-07, -5.39341e-05, 0.000874275, -0.000556291, -9.40136e-07, -0.000556291, 0.000475183, 0
-0.571437, 0.0926917, 0.358118, 0, 0, 0.933676, 7.7749e-05, -3.85035e-05, -9.73553e-06, -3.85034e-05, 0.000898691, -0.000566666, -9.73554e-06, -0.000566666, 0.00047211, 0
-0.590913, 0.110033, 0.353445, 0, 0, 0.935455, 7.46523e-05, -2.44202e-05, -1.63012e-05, -2.44202e-05, 0.000915603, -0.000573776, -1.63012e-05, -0.000573776, 0.000465883, 0
-0.603783, 0.121265, 0.348763, 0, 0, 0.937211, 7.04348e-05, -1.28593e-05, -2.04152e-05, -1.28592e-05, 0.000924325, -0.00057742, -2.04152e-05, -0.00057742, 0.000457598, 0
-0.609412, 0.126079, 0.344073, 0, 0, 0.938943, 6.56904e-05, -4.88226e-06, -2.19622e-05, -4.88222e-06, 0.000924643, -0.000577573, -2.19622e-05, -0.000577573, 0.000448633, 0
-0.607445, 0.124431, 0.339374, 0, 0, 0.940651, 6.12187e-05, -1.31912e-06, -2.09365e-05, -1.31909e-06, 0.000916796, -0.00057433, -2.09365e-05, -0.00057433, 0.000440474, 0
-0.597835, 0.11654, 0.334667, 0, 0, 0.942337, 5.79252e-05, -2.66426e-06, -1.74286e-05, -2.66424e-06, 0.00090142, -0.000567859, -1.74286e-05, -0.000567859, 0.00043452, 0
-0.580844, 0.102869, 0.329951, 0, 0, 0.943998, 5.66687e-05, -8.98744e-06, -1.16006e-05, -8.98742e-06, 0.00087945, -0.000558377, -1.16006e-05, -0.000558377, 0.000431829, 0
-0.557037, 0.0841051, 0.325227, 0, 0, 0.945636, 5.80779e-05, -1.98723e-05, -3.66231e-06, -1.98723e-05, 0.000852013, -0.000546155, -3.66231e-06, -0.000546155, 0.000432874, 0
-0.52727, 0.0611217, 0.320494, 0, 0, 0.94725, 6.2381e-05, -3.44087e-05, 6.1342e-06, -3.44087e-05, 0.000820306, -0.000531567, 6.1342e-06, -0.000531567, 0.000437369, 0
-0.492651, 0.0349404, 0.315754, 0, 0, 0.948841, 6.93115e-05, -5.12722e-05, 1.74727e-05, -5.12721e-05, 0.000785518, -0.00051513, 1.74727e-05, -0.00051513, 0.000444275, 0
-0.454505, 0.00668676, 0.311006, 0, 0, 0.950408, 7.8132e-05, -6.89008e-05, 2.99274e-05, -6.89008e-05, 0.000748788, -0.000497519, 2.99274e-05, -0.000497519, 0.000452032, 0
-0.414319, -0.0224604, 0.30625, 0, 0, 0.951951, 8.77731e-05, -8.57389e-05, 4.29328e-05, -8.57389e-05, 0.000711216, -0.000479519, 4.29328e-05, -0.000479519, 0.000458954, 0
-0.373684, -0.0513166, 0.301487, 0, 0, 0.95347, 9.70382e-05, -0.000100474, 5.58025e-05, -0.000100474, 0.000673895, -0.000461936, 5.58025e-05, -0.000461936, 0.000463635, 0
-0.334236, -0.0787419, 0.296716, 0, 0, 0.954966, 0.000104809, -0.000112201, 6.78054e-05, -0.000112201, 0.000637929, -0.000445501, 6.78054e-05, -0.000445501, 0.000465189, 0
-0.29758, -0.103685, 0.291937, 0, 0, 0.956438, 0.00011021, -0.000120475, 7.82661e-05, -0.000120475, 0.000604425, -0.000430825, 7.82661e-05, -0.000430825, 0.000463301, 0
-0.265235, -0.125225, 0.287151, 0, 0, 0.957885, 0.00011271, -0.000125279, 8.66563e-05, -0.000125279, 0.000574463, -0.000418382, 8.66563e-05, -0.000418382, 0.000458152, 0
-0.238561, -0.142606, 0.282358, 0, 0, 0.959309, 0.000112179, -0.000126934, 9.26462e-05, -0.000126934, 0.000549058, -0.000408536, 9.26462e-05, -0.000408536, 0.000450308, 0
-0.218709, -0.155261, 0.277558, 0, 0, 0.960709, 0.000108899, -0.000125996, 9.61132e-05, -0.000125996, 0.000529127, -0.000401561, 9.61132e-05, -0.000401561, 0.000440635, 0
-0.206566, -0.162832, 0.272751, 0, 0, 0.962085, 0.000103534, -0.000123151, 9.71156e-05, -0.000123151, 0.000515469, -0.000397652, 9.71156e-05, -0.000397652, 0.000430243, 0
-0.202717, -0.165178, 0.267937, 0, 0, 0.963436, 9.706e-05, -0.000119123, 9.58403e-05, -0.000119123, 0.000508747, -0.000396923, 9.58403e-05, -0.000396924, 0.000420414, 0
-0.207421, -0.162374, 0.263117, 0, 0, 0.964764, 9.06449e-05, -0.000114589, 9.25397e-05, -0.000114589, 0.000509466, -0.000399413, 9.25397e-05, -0.000399413, 0.0004125, 0
-0.207421, -0.162374, 0.263117, 0, 0, 0.964764, 9.06449e-05, -0.000114589, 9.25397e-05, -0.000114589, 0.000509466, -0.000399413, 9.25397e-05, -0.000399413, 0.0004125, 0
-0.207421, -0.162374, 0.263117, 0, 0, 0.964764, 9.06449e-05, -0.000114589, 9.25397e-05, -0.000114589, 0.000509466, -0.000399413, 9.25397e-05, -0.000399413, 0.0004125, 0
-0.207421, -0.162374, 0.263117, 0, 0, 0.964764, 9.06449e-05, -0.000114589, 9.25397e-05, -0.000114589, 0.000509466, -0.000399413, 9.25397e-05, -0.000399413, 0.0004125, 0
-0.207421, -0.162374, 0.263117, 0, 0, 0.964764, 9.06449e-05, -0.000114589, 9.25397e-05, -0.000114589, 0.000509466, -0.000399413, 9.25397e-05, -0.000399413, 0.0004125, 0
-0.207421, -0.162374, 0.263117, 0, 0, 0.964764, 9.06449e-05, -0.000114589, 9.25397e-05, -0.000114589, 0.000509466, -0.000399413, 9.25397e-05, -0.000399413, 0.0004125, 0
-0.207421, -0.162374, 0.263117, 0, 0, 0.964764, 9.06449e-05, -0.000114589, 9.25397e-05, -0.000114589, 0.000509466, -0.000399413, 9.25397e-05, -0.000399413, 0.0004125, 0
-0.207421, -0.162374, 0.263117, 0, 0, 0.964764, 9.06449e-05, -0.000114589, 9.25397e-05, -0.000114589, 0.000509466, -0.000399413, 9.25397e-05, -0.000399413, 0.0004125, 0
-0.207421, -0.162374, 0.263117, 0, 0, 0.964764, 9.06449e-05, -0.000114589, 9.25397e-05, -0.000114589, 0.000509466, -0.000399413, 9.25397e-05, -0.000399413, 0.0004125, 0
-0.207421, -0.162374, 0.263117, 0, 0, 0.964764, 9.06449e-05, -0.000114589, 9.25397e-05, -0.000114589, 0.000509466, -0.000399413, 9.25397e-05, -0.000399413, 0.0004125, 0
-0.207421, -0.162374, 0.263117, 0, 0, 0.964764, 9.06449e-05, -0.000114589, 9.25397e-05, -0.000114589, 0.000509466, -0.000399413, 9.25397e-05, -0.000399413, 0.0004125, 0
-0.207421, -0.162374, 0.263117, 0, 0, 0.964764, 9.06449e-05, -0.000114589, 9.25397e-05, -0.000114589, 0.000509466, -0.000399413, 9.25397e-05, -0.000399413, 0.0004125, 0
-0.207421, -0.162374, 0.263117, 0, 0, 0.964764, 9.06449e-05, -0.000114589, 9.25397e-05, -0.000114589, 0.000509466, -0.000399413, 9.25397e-05, -0.000399413, 0.0004125, 0
-0.207421, -0.162374, 0.263117, 0, 0, 0.964764, 9.06449e-05, -0.000114589, 9.25397e-05, -0.000114589, 0.000509466, -0.000399413, 9.25397e-05, -0.000399413, 0.0004125, 0
-0.207421, -0.162374, 0.263117, 0, 0, 0.964764, 9.06449e-05, -0.000114589, 9.25397e-05, -0.000114589, 0.000509466, -0.000399413, 9.25397e-05, -0.000399413, 0.0004125, 0
-0.207421, -0.162374, 0.263117, 0, 0, 0.964764, 9.06449e-05, -0.000114589, 9.25397e-05, -0.000114589, 0.000509466, -0.000399413, 9.25397e-05, -0.000399413, 0.0004125, 0
-0.207421, -0.162374, 0.263117, 0, 0, 0.964764, 9.06449e-05, -0.000114589, 9.25397e-05, -0.000114589, 0.000509466, -0.000399413, 9.25397e-05, -0.000399413, 0.0004125, 0
-0.207421, -0.162374, 0.263117, 0, 0, 0.964764, 9.06449e-05, -0.000114589, 9.25397e-05, -0.000114589, 0.000509466, -0.000399413, 9.25397e-05, -0.000399413, 0.0004125, 0
-0.207421, -0.162374, 0.263117, 0, 0, 0.964764, 9.06449e-05, -0.000114589, 9.25397e-05, -0.000114589, 0.000509466, -0.000399413, 9.25397e-05, -0.000399413, 0.0004125, 0
-0.207421, -0.162374, 0.263117, 0, 0, 0.964764, 9.06449e-05, -0.000114589, 9.25397e-05, -0.000114589, 0.000509466, -0.000399413, 9.25397e-05, -0.000399413, 0.0004125, 0
-0.207421, -0.162374, 0.263117, 0, 0, 0.964764, 9.06449e-05, -0.000114589, 9.25397e-05, -0.000114589, 0.000509466, -0.000399413, 9.25397e-05, -0.000399413, 0.0004125, 0
-0.207421, -0.162374, 0.263117, 0, 0, 0.964764, 9.06449e-05, -0.000114589, 9.25397e-05, -0.000114589, 0.000509466, -0.000399413, 9.25397e-05, -0.000399413, 0.0004125, 0
-0.207421, -0.162374, 0.263117, 0, 0, 0.964764, 9.06449e-05, -0.000114589, 9.25397e-05, -0.000114589, 0.000509466, -0.000399413, 9.25397e-05, -0.000399413, 0.0004125, 0
-0.207421, -0.162374, 0.263117, 0, 0, 0.964764, 9.06449e-05, -0.000114589, 9.25397e-05, -0.000114589, 0.000509466, -0.000399413, 9.25397e-05, -0.000399413, 0.0004125, 0
-0.207421, -0.162374, 0.263117, 0, 0, 0.964764, 9.06449e-05, -0.000114589, 9.25397e-05, -0.000114589, 0.000509466, -0.000399413, 9.25397e-05, -0.000399413, 0.0004125, 0
-0.207421, -0.162374, 0.263117, 0, 0, 0.964764, 9.06449e-05, -0.000114589, 9.25397e-05, -0.000114589, 0.000509466, -0.000399413, 9.25397e-05, -0.000399413, 0.0004125, 0
-0.207421, -0.162374, 0.263117, 0, 0, 0.964764, 9.06449e-05, -0.000114589, 9.25397e-05, -0.000114589, 0.000509466, -0.000399413, 9.25397e-05, -0.000399413, 0.0004125, 0
-0.207421, -0.162374, 0.263117, 0, 0, 0.964764, 9.06449e-05, -0.000114589, 9.25397e-05, -0.000114589, 0.000509466, -0.000399413, 9.25397e-05, -0.000399413, 0.0004125, 0
-0.207421, -0.162374, 0.263117, 0, 0, 0.964764, 9.06449e-05, -0.000114589, 9.25397e-05, -0.000114589, 0.000509466, -0.000399413, 9.25397e-05, -0.000399413, 0.0004125, 0
-0.207421, -0.162374, 0.263117, 0, 0, 0.964764, 9.06449e-05, -0.000114589, 9.25397e-05, -0.000114589, 0.000509466, -0.000399413, 9.25397e-05, -0.000399413, 0.0004125, 0
-0.207421, -0.162374, 0.263117, 0, 0, 0.964764, 9.06449e-05, -0.000114589, 9.25397e-05, -0.000114589, 0.000509466, -0.000399413, 9.25397e-05, -0.000399413, 0.0004125, 0
-0.207421, -0.162374, 0.263117, 0, 0, 0.964764, 9.06449e-05, -0.000114589, 9.25397e-05, -0.000114589, 0.000509466, -0.000399413, 9.25397e-05, -0.000399413, 0.0004125, 0
-0.207421, -0.162374, 0.263117, 0, 0, 0.964764, 9.06449e-05, -0.000114589, 9.25397e-05, -0.000114589, 0.000509466, -0.000399413, 9.25397e-05, -0.000399413, 0.0004125, 0
-0.207421, -0.162374, 0.263117, 0, 0, 0.964764, 9.06449e-05, -0.000114589, 9.25397e-05, -0.000114589, 0.000509466, -0.000399413, 9.25397e-05, -0.000399413, 0.0004125, 0
-0.207421, -0.162374, 0.263117, 0, 0, 0.964764, 9.06449e-05, -0.000114589, 9.25397e-05, -0.000114589, 0.000509466, -0.000399413, 9.25397e-05, -0.000399413, 0.0004125, 0
-0.207421, -0.162374, 0.263117, 0, 0, 0.964764, 9.06449e-05, -0.000114589, 9.25397e-05, -0.000114589, 0.000509466, -0.000399413, 9.25397e-05, -0.000399413, 0.0004125, 0
-0.207421, -0.162374, 0.263117, 0, 0, 0.964764, 9.06449e-05, -0.000114589, 9.25397e-05, -0.000114589, 0.000509466, -0.000399413, 9.25397e-05, -0.000399413, 0.0004125, 0
-0.207421, -0.162374, 0.263117, 0, 0, 0.964764, 9.06449e-05, -0.000114589, 9.25397e-05, -0.000114589, 0.000509466, -0.000399413, 9.25397e-05, -0.000399413, 0.0004125, 0
-0.207421, -0.162374, 0.263117, 0, 0, 0.964764, 9.06449e-05, -0.000114589, 9.25397e-05, -0.000114589, 0.000509466, -0.000399413, 9.25397e-05, -0.000399413, 0.0004125, 0
-0.207421, -0.162374, 0.263117, 0, 0, 0.964764, 9.06449e-05, -0.000114589, 9.25397e-05, -0.000114589, 0.000509466, -0.000399413, 9.25397e-05, -0.000399413, 0.0004125, 0
-0.207421, -0.162374, 0.263117, 0, 0, 0.964764, 9.06449e-05, -0.000114589, 9.25397e-05, -0.000114589, 0.000509466, -0.000399413, 9.25397e-05, -0.000399413, 0.0004125, 0
-0.207421, -0.162374, 0.263117, 0, 0, 0.964764, 9.06449e-05, -0.000114589, 9.25397e-05, -0.000114589, 0.000509466, -0.000399413, 9.25397e-05, -0.000399413, 0.0004125, 0
-0.207421, -0.162374, 0.263117, 0, 0, 0.964764, 9.06449e-05, -0.000114589, 9.25397e-05, -0.000114589, 0.000509466, -0.000399413, 9.25397e-05, -0.000399413, 0.0004125, 0
-0.207421, -0.162374, 0.263117, 0, 0, 0.964764, 9.06449e-05, -0.000114589, 9.25397e-05, -0.000114589, 0.000509466, -0.000399413, 9.25397e-05, -0.000399413, 0.0004125, 0
-0.207421, -0.162374, 0.263117, 0, 0, 0.964764, 9.06449e-05, -0.000114589, 9.25397e-05, -0.000114589, 0.000509466, -0.000399413, 9.25397e-05, -0.000399413, 0.0004125, 0
-0.207421, -0.162374, 0.263117, 0, 0, 0.964764, 9.06449e-05, -0.000114589, 9.25397e-05, -0.000114589, 0.000509466, -0.000399413, 9.25397e-05, -0.000399413, 0.0004125, 0
-0.207421, -0.162374, 0.263117, 0, 0, 0.964764, 9.06449e-05, -0.000114589, 9.25397e-05, -0.000114589, 0.000509466, -0.000399413, 9.25397e-05, -0.000399413, 0.0004125, 0
-0.207421, -0.162374, 0.263117, 0, 0, 0.964764, 9.06449e-05, -0.000114589, 9.25397e-05, -0.000114589, 0.000509466, -0.000399413, 9.25397e-05, -0.000399413, 0.0004125, 0
-0.207421, -0.162374, 0.263117, 0, 0, 0.964764, 9.06449e-05, -0.000114589, 9.25397e-05, -0.000114589, 0.000509466, -0.000399413, 9.25397e-05, -0.000399413, 0.0004125, 0
