0.00567513, 0.000742026, 0, 0, 0.139778, 0.990183
0.00567513, 0.000742026, 0, 0, 0.139778, 0.990183
0.00567513, 0.000742026, 0, 0, 0.139778, 0.990183
0.00567513, 0.000742026, 0, 0, 0.139778, 0.990183
0.00567513, 0.000742026, 0, 0, 0.139778, 0.990183
0.00567513, 0.000742026, 0, 0, 0.139778, 0.990183
0.00567513, 0.000742026, 0, 0, 0.139778, 0.990183
0.00567513, 0.000742026, 0, 0, 0.139778, 0.990183
0.00567513, 0.000742026, 0, 0, 0.139778, 0.990183
0.00567513, 0.000742026, 0, 0, 0.139778, 0.990183
0.00567513, 0.000742026, 0, 0, 0.139778, 0.990183
0.00567513, 0.000742026, 0, 0, 0.139778, 0.990183
0.00567513, 0.000742026, 0, 0, 0.139778, 0.990183
0.00567513, 0.000742026, 0, 0, 0.139778, 0.990183
0.00567513, 0.000742026, 0, 0, 0.139778, 0.990183
0.00567513, 0.000742026, 0, 0, 0.139778, 0.990183
0.00567513, 0.000742026, 0, 0, 0.139778, 0.990183
0.00567513, 0.000742026, 0, 0, 0.139778, 0.990183
0.00567513, 0.000742026, 0, 0, 0.139778, 0.990183
0.00567513, 0.000742026, 0, 0, 0.139778, 0.990183
0.00567513, 0.000742026, 0, 0, 0.139778, 0.990183
0.00567513, 0.000742026, 0, 0, 0.139778, 0.990183
0.00567513, 0.000742026, 0, 0, 0.139778, 0.990183
0.00567513, 0.000742026, 0, 0, 0.139778, 0.990183
0.00567513, 0.000742026, 0, 0, 0.139778, 0.990183
0.00567513, 0.000742026, 0, 0, 0.139778, 0.990183
0.00567513, 0.000742026, 0, 0, 0.139778, 0.990183
0.00567513, 0.000742026, 0, 0, 0.139778, 0.990183
0.00567513, 0.000742026, 0, 0, 0.139778, 0.990183
0.00567513, 0.000742026, 0, 0, 0.139778, 0.990183
0.00567513, 0.000742026, 0, 0, 0.139778, 0.990183
0.00567513, 0.000742026, 0, 0, 0.139778, 0.990183
0.00567513, 0.000742026, 0, 0, 0.139778, 0.990183
0.00567513, 0.000742026, 0, 0, 0.139778, 0.990183
0.00567513, 0.000742026, 0, 0, 0.139778, 0.990183
0.00567513, 0.000742026, 0, 0, 0.139778, 0.990183
0.00567513, 0.000742026, 0, 0, 0.139692, 0.990195
0.00567513, 0.000742026, 0, 0, 0.139519, 0.990219
0.00567513, 0.000742026, 0, 0, 0.139605, 0.990207
0.00567513, 0.000742026, 0, 0, 0.139692, 0.990195
0.00567513, 0.000742026, 0, 0, 0.139778, 0.990183
0.00567513, 0.000742026, 0, 0, 0.139778, 0.990183
0.00567513, 0.000742026, 0, 0, 0.139778, 0.990183
0.00567513, 0.000742026, 0, 0, 0.139778, 0.990183
0.00567513, 0.000742026, 0, 0, 0.139692, 0.990195
0.00567513, 0.000742026, 0, 0, 0.139605, 0.990207
0.00567513, 0.000742026, 0, 0, 0.139605, 0.990207
0.00567513, 0.000742026, 0, 0, 0.139605, 0.990207
0.00567513, 0.000742026, 0, 0, 0.139605, 0.990207
0.00567513, 0.000742026, 0, 0, 0.139605, 0.990207
0.00567513, 0.000742026, 0, 0, 0.139605, 0.990207
0.00567513, 0.000742026, 0, 0, 0.139692, 0.990195
0.00567513, 0.000742026, 0, 0, 0.139519, 0.990219
0.00567513, 0.000742026, 0, 0, 0.139432, 0.990232
0.00567513, 0.000742026, 0, 0, 0.139432, 0.990232
0.00567513, 0.000742026, 0, 0, 0.139432, 0.990232
0.00567513, 0.000742026, 0, 0, 0.139432, 0.990232
0.00567513, 0.000742026, 0, 0, 0.139432, 0.990232
0.00567513, 0.000742026, 0, 0, 0.139519, 0.990219
0.00567513, 0.000742026, 0, 0, 0.139519, 0.990219
0.00567513, 0.000742026, 0, 0, 0.139519, 0.990219
0.00567513, 0.000742026, 0, 0, 0.139519, 0.990219
0.00567513, 0.000742026, 0, 0, 0.139519, 0.990219
0.00567513, 0.000742026, 0, 0, 0.139519, 0.990219
0.00567513, 0.000742026, 0, 0, 0.139519, 0.990219
0.00567513, 0.000742026, 0, 0, 0.139519, 0.990219
0.00567513, 0.000742026, 0, 0, 0.139605, 0.990207
0.00567513, 0.000742026, 0, 0, 0.139692, 0.990195
0.00567513, 0.000742026, 0, 0, 0.139692, 0.990195
0.00567513, 0.000742026, 0, 0, 0.139605, 0.990207
0.00567513, 0.000742026, 0, 0, 0.139519, 0.990219
0.00534724, 0.000647758, 0, 0, 0.139519, 0.990219
0.00100275, -0.000601288, 0, 0, 0.139519, 0.990219
-0.00489921, -0.00229811, 0, 0, 0.139605, 0.990207
-0.0116205, -0.00423177, 0, 0, 0.139692, 0.990195
-0.017399, -0.00589525, 0, 0, 0.139778, 0.990183
-0.0221116, -0.00725282, 0, 0, 0.139864, 0.990171
-0.0278485, -0.00890651, 0, 0, 0.140296, 0.99011
-0.0340755, -0.0107074, 0, 0, 0.140901, 0.990024
-0.0398908, -0.0123969, 0, 0, 0.141765, 0.9899
-0.0463171, -0.0142761, 0, 0, 0.142802, 0.989751
-0.053803, -0.0164821, 0, 0, 0.142974, 0.989726
-0.0610428, -0.0186184, 0, 0, 0.143061, 0.989714
-0.068323, -0.020768, 0, 0, 0.143665, 0.989626
-0.0753554, -0.0228537, 0, 0, 0.144702, 0.989475
-0.082465, -0.0249786, 0, 0, 0.14591, 0.989298
-0.0901819, -0.0273056, 0, 0, 0.146428, 0.989221
-0.0976923, -0.0295788, 0, 0, 0.146687, 0.989183
-0.10512, -0.0318312, 0, 0, 0.147119, 0.989119
-0.112586, -0.0341025, 0, 0, 0.148241, 0.988951
-0.120251, -0.0364533, 0, 0, 0.149018, 0.988835
-0.128076, -0.0388664, 0, 0, 0.14988, 0.988704
-0.135977, -0.0413184, 0, 0, 0.150571, 0.988599
-0.143835, -0.0437687, 0, 0, 0.150916, 0.988547
-0.151406, -0.0461355, 0, 0, 0.151002, 0.988533
-0.158976, -0.0485036, 0, 0, 0.151088, 0.98852
-0.16679, -0.0509494, 0, 0, 0.151433, 0.988467
-0.174318, -0.0533113, 0, 0, 0.151951, 0.988388
-0.181599, -0.0556042, 0, 0, 0.152382, 0.988322
-0.188919, -0.0579164, 0, 0, 0.153072, 0.988215
-0.196398, -0.0602903, 0, 0, 0.153848, 0.988094
-0.204077, -0.0627409, 0, 0, 0.15471, 0.98796
-0.211223, -0.0650353, 0, 0, 0.155486, 0.987838
-0.21796, -0.06721, 0, 0, 0.15609, 0.987743
-0.224816, -0.0694324, 0, 0, 0.156607, 0.987661
-0.231994, -0.0717675, 0, 0, 0.156693, 0.987647
-0.239172, -0.0741038, 0, 0, 0.156779, 0.987634
-0.24566, -0.0762168, 0, 0, 0.156952, 0.987606
-0.251863, -0.0782396, 0, 0, 0.157296, 0.987551
-0.258025, -0.0802535, 0, 0, 0.157555, 0.98751
-0.264469, -0.0823635, 0, 0, 0.157986, 0.987441
-0.270789, -0.0844392, 0, 0, 0.15833, 0.987386
-0.276136, -0.0861993, 0, 0, 0.158503, 0.987359
-0.281159, -0.0878544, 0, 0, 0.15902, 0.987275
-0.286179, -0.0895149, 0, 0, 0.159537, 0.987192
-0.291644, -0.0913283, 0, 0, 0.16014, 0.987094
-0.297065, -0.0931349, 0, 0, 0.16057, 0.987024
-0.30115, -0.0945002, 0, 0, 0.160656, 0.98701
-0.304831, -0.095731, 0, 0, 0.160743, 0.986996
-0.308592, -0.0969894, 0, 0, 0.161173, 0.986926
-0.312837, -0.098414, 0, 0, 0.161776, 0.986827
-0.31704, -0.0998301, 0, 0, 0.162121, 0.986771
-0.319343, -0.100608, 0, 0, 0.162121, 0.986771
-0.321363, -0.10129, 0, 0, 0.162293, 0.986743
-0.323706, -0.102082, 0, 0, 0.162637, 0.986686
-0.326655, -0.103081, 0, 0, 0.16324, 0.986586
-0.329683, -0.104112, 0, 0, 0.163584, 0.986529
-0.33045, -0.104373, 0, 0, 0.163412, 0.986558
-0.330813, -0.104497, 0, 0, 0.16367, 0.986515
-0.33162, -0.104772, 0, 0, 0.164273, 0.986415
-0.333073, -0.10527, 0, 0, 0.165048, 0.986286
-0.334484, -0.105756, 0, 0, 0.165564, 0.986199
-0.333597, -0.105449, 0, 0, 0.165736, 0.98617
-0.332952, -0.105226, 0, 0, 0.165994, 0.986127
-0.332509, -0.105073, 0, 0, 0.166769, 0.985996
-0.332549, -0.105087, 0, 0, 0.167887, 0.985806
-0.332429, -0.105045, 0, 0, 0.168661, 0.985674
-0.330015, -0.104194, 0, 0, 0.168747, 0.985659
-0.328005, -0.103484, 0, 0, 0.169005, 0.985615
-0.326316, -0.102888, 0, 0, 0.169694, 0.985497
-0.32507, -0.102446, 0, 0, 0.170124, 0.985423
-0.323583, -0.101916, 0, 0, 0.170209, 0.985408
-0.319646, -0.100515, 0, 0, 0.169866, 0.985467
-0.31615, -0.0992724, 0, 0, 0.170639, 0.985334
-0.312937, -0.0981251, 0, 0, 0.171757, 0.985139
-0.310529, -0.0972592, 0, 0, 0.172273, 0.985049
-0.307681, -0.0962316, 0, 0, 0.172617, 0.984989
-0.302387, -0.0943173, 0, 0, 0.172789, 0.984959
-0.297255, -0.0924593, 0, 0, 0.172703, 0.984974
-0.292643, -0.0907908, 0, 0, 0.172789, 0.984959
-0.288753, -0.0893828, 0, 0, 0.173218, 0.984883
-0.284785, -0.0879422, 0, 0, 0.173648, 0.984808
-0.278653, -0.0857106, 0, 0, 0.17382, 0.984777
-0.272322, -0.0834038, 0, 0, 0.17382, 0.984777
-0.266352, -0.0812285, 0, 0, 0.173906, 0.984762
-0.261023, -0.0792858, 0, 0, 0.174508, 0.984656
-0.255857, -0.0773952, 0, 0, 0.175367, 0.984503
-0.249133, -0.0749213, 0, 0, 0.175539, 0.984473
-0.24205, -0.0723124, 0, 0, 0.175539, 0.984473
-0.235287, -0.0698214, 0, 0, 0.17571, 0.984442
-0.229125, -0.0675493, 0, 0, 0.176226, 0.98435
-0.223005, -0.0652856, 0, 0, 0.177171, 0.98418
-0.215451, -0.0624748, 0, 0, 0.177686, 0.984087
-0.20782, -0.0596262, 0, 0, 0.178201, 0.983994
-0.200591, -0.0569192, 0, 0, 0.178888, 0.983869
-0.193766, -0.0543522, 0, 0, 0.179661, 0.983729
-0.186864, -0.0517443, 0, 0, 0.180433, 0.983587
-0.17913, -0.0488078, 0, 0, 0.180777, 0.983524
-0.171357, -0.0458506, 0, 0, 0.180948, 0.983493
-0.163745, -0.0429515, 0, 0, 0.181377, 0.983414
-0.156534, -0.0401979, 0, 0, 0.182236, 0.983255
-0.149328, -0.0374317, 0, 0, 0.183522, 0.983016
-0.141731, -0.0344927, 0, 0, 0.183866, 0.982951
-0.133938, -0.0314714, 0, 0, 0.18378, 0.982967
-0.126263, -0.0284976, 0, 0, 0.18378, 0.982967
-0.118827, -0.0256164, 0, 0, 0.18438, 0.982855
-0.111593, -0.0228033, 0, 0, 0.185152, 0.98271
-0.104324, -0.0199633, 0, 0, 0.185924, 0.982564
-0.0971386, -0.0171431, 0, 0, 0.186696, 0.982418
-0.0897594, -0.0142333, 0, 0, 0.187553, 0.982255
-0.0823853, -0.0113107, 0, 0, 0.188924, 0.981992
-0.0752966, -0.00847833, 0, 0, 0.190209, 0.981744
-0.0686504, -0.00580257, 0, 0, 0.191237, 0.981544
-0.0622866, -0.00322496, 0, 0, 0.191922, 0.98141
-0.0557684, -0.000574207, 0, 0, 0.192436, 0.981309
-0.0487791, 0.00227665, 0, 0, 0.193036, 0.981192
-0.0422669, 0.00494218, 0, 0, 0.193464, 0.981107
-0.0365461, 0.00728961, 0, 0, 0.193978, 0.981006
-0.0311039, 0.00952942, 0, 0, 0.194748, 0.980853
-0.0252316, 0.011957, 0, 0, 0.195689, 0.980666
-0.0192065, 0.0144613, 0, 0, 0.197486, 0.980306
-0.0134658, 0.0168721, 0, 0, 0.198769, 0.980046
-0.00859557, 0.0189324, 0, 0, 0.200138, 0.979768
-0.00396647, 0.0209059, 0, 0, 0.201163, 0.979558
0.000736878, 0.0229227, 0, 0, 0.20236, 0.979311
0.00543528, 0.024951, 0, 0, 0.203385, 0.979099
0.0100121, 0.0269382, 0, 0, 0.204581, 0.97885
0.0133726, 0.0284071, 0, 0, 0.205692, 0.978617
0.0167299, 0.0298836, 0, 0, 0.206802, 0.978383
0.0203567, 0.0314886, 0, 0, 0.208595, 0.978002
0.0240555, 0.0331416, 0, 0, 0.209533, 0.977802
0.0277122, 0.0347842, 0, 0, 0.210131, 0.977673
0.0299673, 0.0358005, 0, 0, 0.210472, 0.9776
0.0316775, 0.0365727, 0, 0, 0.210728, 0.977545
0.0332318, 0.0372755, 0, 0, 0.21124, 0.977434
0.0352903, 0.0382088, 0, 0, 0.211837, 0.977305
0.0376194, 0.0392683, 0, 0, 0.212348, 0.977194
0.0381626, 0.0395161, 0, 0, 0.212519, 0.977157
0.038473, 0.0396578, 0, 0, 0.212604, 0.977138
0.0389773, 0.0398881, 0, 0, 0.213116, 0.977027
0.0395976, 0.0401723, 0, 0, 0.213627, 0.976915
0.0400627, 0.0403859, 0, 0, 0.214309, 0.976766
0.0388234, 0.0398146, 0, 0, 0.214991, 0.976616
0.0382428, 0.0395459, 0, 0, 0.215417, 0.976522
0.0377012, 0.0392947, 0, 0, 0.215843, 0.976428
0.0372371, 0.039079, 0, 0, 0.216184, 0.976353
0.0367345, 0.038845, 0, 0, 0.216269, 0.976334
0.0342218, 0.0376744, 0, 0, 0.216184, 0.976353
0.0317476, 0.0365222, 0, 0, 0.216354, 0.976315
0.0293124, 0.0353872, 0, 0, 0.217292, 0.976107
0.0274201, 0.0345007, 0, 0, 0.218484, 0.975841
0.0256842, 0.0336824, 0, 0, 0.219335, 0.97565
0.021907, 0.0318937, 0, 0, 0.219676, 0.975573
0.0181311, 0.0301024, 0, 0, 0.219846, 0.975535
0.0142402, 0.0282549, 0, 0, 0.220272, 0.975439
0.0106205, 0.0265322, 0, 0, 0.220953, 0.975285
0.00731102, 0.0249516, 0, 0, 0.221804, 0.975091
0.00258168, 0.0226826, 0, 0, 0.22257, 0.974917
-0.00214409, 0.0204062, 0, 0, 0.223675, 0.974664
-0.00717172, 0.0179703, 0, 0, 0.224356, 0.974507
-0.0117357, 0.0157512, 0, 0, 0.225121, 0.974331
-0.0162196, 0.0135624, 0, 0, 0.225801, 0.974173
-0.0218876, 0.0107857, 0, 0, 0.226396, 0.974035
-0.0278966, 0.00783273, 0, 0, 0.227246, 0.973837
-0.033977, 0.00483157, 0, 0, 0.227756, 0.973718
-0.039481, 0.00210777, 0, 0, 0.228351, 0.973579
-0.0449433, -0.000603785, 0, 0, 0.228861, 0.973459
-0.0513955, -0.00381511, 0, 0, 0.229625, 0.973279
-0.0579571, -0.00709375, 0, 0, 0.22988, 0.973219
-0.0648221, -0.0105285, 0, 0, 0.23005, 0.973179
-0.0713046, -0.0137747, 0, 0, 0.230305, 0.973119
-0.0775566, -0.0169095, 0, 0, 0.230729, 0.973018
-0.0845299, -0.0204137, 0, 0, 0.231408, 0.972857
-0.0915745, -0.023966, 0, 0, 0.232003, 0.972715
-0.098805, -0.0276231, 0, 0, 0.232682, 0.972553
-0.105802, -0.0311745, 0, 0, 0.233361, 0.97239
-0.112642, -0.0346583, 0, 0, 0.234039, 0.972227
-0.119744, -0.0382875, 0, 0, 0.235227, 0.97194
-0.127025, -0.0420315, 0, 0, 0.235905, 0.971776
-0.13434, -0.0458052, 0, 0, 0.236499, 0.971632
-0.141536, -0.0495291, 0, 0, 0.237008, 0.971508
-0.14854, -0.0531623, 0, 0, 0.237601, 0.971363
-0.155652, -0.0568631, 0, 0, 0.238533, 0.971134
-0.162832, -0.060617, 0, 0, 0.239211, 0.970968
-0.170046, -0.0644008, 0, 0, 0.239889, 0.9708
-0.177329, -0.0682344, 0, 0, 0.240482, 0.970654
-0.184495, -0.0720172, 0, 0, 0.240906, 0.970549
-0.191205, -0.0755669, 0, 0, 0.241583, 0.97038
-0.197759, -0.079046, 0, 0, 0.242007, 0.970275
-0.204536, -0.082651, 0, 0, 0.242515, 0.970148
-0.211497, -0.0863634, 0, 0, 0.242938, 0.970042
-0.218343, -0.0900216, 0, 0, 0.2437, 0.969851
-0.224544, -0.0933478, 0, 0, 0.244038, 0.969766
-0.230404, -0.0964967, 0, 0, 0.244461, 0.969659
-0.2366, -0.0998327, 0, 0, 0.2448, 0.969574
-0.243056, -0.103315, 0, 0, 0.245054, 0.96951
-0.24936, -0.106719, 0, 0, 0.245477, 0.969403
-0.254761, -0.109642, 0, 0, 0.24573, 0.969338
-0.259747, -0.112344, 0, 0, 0.245984, 0.969274
-0.264958, -0.11517, 0, 0, 0.246238, 0.969209
-0.270504, -0.118183, 0, 0, 0.246661, 0.969102
-0.276123, -0.121241, 0, 0, 0.247168, 0.968973
-0.280203, -0.123468, 0, 0, 0.247337, 0.968929
-0.284096, -0.125594, 0, 0, 0.247591, 0.968865
-0.288212, -0.127844, 0, 0, 0.248014, 0.968757
-0.292812, -0.130365, 0, 0, 0.248521, 0.968627
-0.29726, -0.132808, 0, 0, 0.249028, 0.968496
-0.299651, -0.134125, 0, 0, 0.249028, 0.968496
-0.302004, -0.135421, 0, 0, 0.249112, 0.968475
-0.304955, -0.137046, 0, 0, 0.249535, 0.968366
-0.308539, -0.139025, 0, 0, 0.250464, 0.968126
-0.311821, -0.140845, 0, 0, 0.250718, 0.96806
-0.313424, -0.141735, 0, 0, 0.250718, 0.96806
-0.314282, -0.142211, 0, 0, 0.250802, 0.968038
-0.315512, -0.142895, 0, 0, 0.251225, 0.967929
-0.317413, -0.143952, 0, 0, 0.252069, 0.967709
-0.319423, -0.145076, 0, 0, 0.252238, 0.967665
-0.319348, -0.145034, 0, 0, 0.252154, 0.967687
-0.319274, -0.144992, 0, 0, 0.252154, 0.967687
-0.319348, -0.145034, 0, 0, 0.252576, 0.967577
-0.319869, -0.145326, 0, 0, 0.253674, 0.96729
-0.320315, -0.145577, 0, 0, 0.253842, 0.967246
-0.318569, -0.144593, 0, 0, 0.253842, 0.967246
-0.317232, -0.143839, 0, 0, 0.254011, 0.967201
-0.316155, -0.143231, 0, 0, 0.254602, 0.967046
-0.315709, -0.142979, 0, 0, 0.255277, 0.966868
-0.314893, -0.142516, 0, 0, 0.255193, 0.96689
-0.31174, -0.140727, 0, 0, 0.255024, 0.966935
-0.308847, -0.139087, 0, 0, 0.254855, 0.966979
-0.306323, -0.137657, 0, 0, 0.254939, 0.966957
-0.304246, -0.13648, 0, 0, 0.255952, 0.96669
-0.302282, -0.135362, 0, 0, 0.256374, 0.966578
-0.298467, -0.133185, 0, 0, 0.256711, 0.966488
-0.294246, -0.130772, 0, 0, 0.256795, 0.966466
-0.290432, -0.128592, 0, 0, 0.257386, 0.966309
-0.287066, -0.126661, 0, 0, 0.258313, 0.966061
-0.283888, -0.124831, 0, 0, 0.258903, 0.965903
-0.278902, -0.121951, 0, 0, 0.259325, 0.96579
-0.273513, -0.118833, 0, 0, 0.259578, 0.965722
-0.268237, -0.115775, 0, 0, 0.259662, 0.9657
-0.263809, -0.113209, 0, 0, 0.259578, 0.965722
-0.259677, -0.110814, 0, 0, 0.259662, 0.9657
-0.253663, -0.107328, 0, 0, 0.25983, 0.965654
-0.247281, -0.103626, 0, 0, 0.259999, 0.965609
-0.241012, -0.0999853, 0, 0, 0.259915, 0.965632
-0.235626, -0.0968599, 0, 0, 0.26042, 0.965495
-0.230503, -0.093879, 0, 0, 0.26101, 0.965336
-0.22402, -0.0900967, 0, 0, 0.261347, 0.965245
-0.217097, -0.0860517, 0, 0, 0.261684, 0.965154
-0.210325, -0.082088, 0, 0, 0.262358, 0.964971
-0.204184, -0.0784819, 0, 0, 0.2632, 0.964741
-0.198269, -0.0749951, 0, 0, 0.264041, 0.964511
-0.191259, -0.0708463, 0, 0, 0.264546, 0.964373
-0.183924, -0.0664943, 0, 0, 0.264883, 0.964281
-0.177068, -0.0624205, 0, 0, 0.26522, 0.964188
-0.170619, -0.0585817, 0, 0, 0.265809, 0.964026
-0.164283, -0.0548007, 0, 0, 0.266313, 0.963887
-0.157183, -0.0505532, 0, 0, 0.266566, 0.963817
-0.149866, -0.0461706, 0, 0, 0.266902, 0.963724
-0.142735, -0.0418925, 0, 0, 0.267407, 0.963584
-0.135791, -0.0377168, 0, 0, 0.268247, 0.96335
-0.129037, -0.0336393, 0, 0, 0.269256, 0.963069
-0.122255, -0.0295255, 0, 0, 0.270348, 0.962763
-0.115337, -0.0253075, 0, 0, 0.271608, 0.962408
-0.108357, -0.0210268, 0, 0, 0.272364, 0.962194
-0.101783, -0.016981, 0, 0, 0.273036, 0.962004
-0.0954328, -0.0130605, 0, 0, 0.273372, 0.961908
-0.0891578, -0.00918044, 0, 0, 0.27354, 0.961861
-0.082739, -0.00520839, 0, 0, 0.274211, 0.96167
-0.0762171, -0.00115991, 0, 0, 0.274882, 0.961478
-0.0699181, 0.00276242, 0, 0, 0.275805, 0.961214
-0.0635904, 0.00671945, 0, 0, 0.276812, 0.960924
-0.0578127, 0.0103494, 0, 0, 0.278069, 0.960561
-0.0521167, 0.0139489, 0, 0, 0.279578, 0.960123
-0.0464319, 0.0175663, 0, 0, 0.280332, 0.959903
-0.0407888, 0.0211697, 0, 0, 0.281002, 0.959707
-0.0352585, 0.0247119, 0, 0, 0.281839, 0.959462
-0.0304518, 0.0278025, 0, 0, 0.283346, 0.959018
-0.0259412, 0.0307228, 0, 0, 0.284434, 0.958696
-0.0212585, 0.0337696, 0, 0, 0.285521, 0.958372
-0.01644, 0.0369203, 0, 0, 0.286692, 0.958023
-0.0117717, 0.0399891, 0, 0, 0.287946, 0.957647
-0.00810755, 0.0424116, 0, 0, 0.289951, 0.957042
-0.00456, 0.0447784, 0, 0, 0.291203, 0.956661
-0.000841604, 0.0472733, 0, 0, 0.292205, 0.956356
0.00287156, 0.049776, 0, 0, 0.293039, 0.9561
0.00668632, 0.0523569, 0, 0, 0.293707, 0.955896
0.00905065, 0.0539612, 0, 0, 0.294124, 0.955767
0.0112725, 0.0554718, 0, 0, 0.294207, 0.955742
0.0133883, 0.0569107, 0, 0, 0.294374, 0.95569
0.0158562, 0.0585904, 0, 0, 0.294874, 0.955536
0.0184279, 0.0603448, 0, 0, 0.295458, 0.955356
0.0195543, 0.0611152, 0, 0, 0.295958, 0.955201
0.0203282, 0.0616456, 0, 0, 0.295791, 0.955253
0.0210319, 0.0621276, 0, 0, 0.295875, 0.955227
0.0221224, 0.0628749, 0, 0, 0.296875, 0.954916
0.0231412, 0.0635761, 0, 0, 0.29954, 0.954084
0.0225463, 0.0631617, 0, 0, 0.301039, 0.953612
0.0224066, 0.0630638, 0, 0, 0.301954, 0.953323
0.022302, 0.0629901, 0, 0, 0.302619, 0.953111
0.0222672, 0.0629655, 0, 0, 0.303035, 0.952979
0.0220583, 0.0628178, 0, 0, 0.303035, 0.952979
0.0203872, 0.0616355, 0, 0, 0.302869, 0.953032
0.0189247, 0.0606015, 0, 0, 0.302869, 0.953032
0.0173229, 0.059469, 0, 0, 0.303202, 0.952926
0.0161047, 0.0586065, 0, 0, 0.304033, 0.952661
0.0150271, 0.0578406, 0, 0, 0.304698, 0.952449
0.01211, 0.0557614, 0, 0, 0.304781, 0.952422
0.00915851, 0.0536569, 0, 0, 0.304781, 0.952422
0.00624177, 0.0515772, 0, 0, 0.305197, 0.952289
0.00367386, 0.0497428, 0, 0, 0.306194, 0.951969
0.00121374, 0.0479777, 0, 0, 0.30744, 0.951568
-0.00272887, 0.0451331, 0, 0, 0.307938, 0.951406
-0.00670306, 0.0422595, 0, 0, 0.308021, 0.95138
-0.010815, 0.0392851, 0, 0, 0.308104, 0.951353
-0.0146499, 0.0365101, 0, 0, 0.308519, 0.951218
-0.0183099, 0.0338568, 0, 0, 0.309432, 0.950922
-0.0233094, 0.0302178, 0, 0, 0.310179, 0.950678
-0.0280966, 0.0267218, 0, 0, 0.310759, 0.950489
-0.0331203, 0.0230436, 0, 0, 0.311506, 0.950244
-0.0378633, 0.0195595, 0, 0, 0.312749, 0.949836
-0.0423571, 0.0162404, 0, 0, 0.313412, 0.949617
-0.0480113, 0.0120519, 0, 0, 0.313827, 0.94948
-0.0537646, 0.00778225, 0, 0, 0.314324, 0.949316
-0.0596845, 0.00337931, 0, 0, 0.314904, 0.949124
-0.065223, -0.000750442, 0, 0, 0.315732, 0.948848
-0.0705835, -0.0047621, 0, 0, 0.316394, 0.948628
-0.0766206, -0.00929323, 0, 0, 0.316974, 0.948434
-0.0828566, -0.0139856, 0, 0, 0.317636, 0.948213
-0.0892563, -0.0188151, 0, 0, 0.318132, 0.948046
-0.0953788, -0.0234455, 0, 0, 0.319207, 0.947685
-0.101253, -0.0279091, 0, 0, 0.319952, 0.947434
-0.107493, -0.0326664, 0, 0, 0.320613, 0.94721
-0.113964, -0.0376137, 0, 0, 0.321109, 0.947042
-0.120498, -0.0426197, 0, 0, 0.321687, 0.946846
-0.126923, -0.0475557, 0, 0, 0.322679, 0.946509
-0.13317, -0.0523749, 0, 0, 0.323257, 0.946311
-0.139411, -0.0572017, 0, 0, 0.323917, 0.946085
-0.145914, -0.0622464, 0, 0, 0.324495, 0.945887
-0.15258, -0.0674299, 0, 0, 0.325486, 0.945547
-0.159134, -0.0725486, 0, 0, 0.326063, 0.945348
-0.165413, -0.0774649, 0, 0, 0.326641, 0.945149
-0.171451, -0.0822046, 0, 0, 0.327218, 0.944949
-0.177618, -0.0870572, 0, 0, 0.327795, 0.944749
-0.184146, -0.0922079, 0, 0, 0.328455, 0.94452
-0.190468, -0.0972089, 0, 0, 0.328619, 0.944462
-0.196586, -0.102053, 0, 0, 0.328867, 0.944376
-0.202101, -0.106424, 0, 0, 0.329196, 0.944262
-0.207646, -0.110825, 0, 0, 0.329691, 0.944089
-0.213553, -0.115524, 0, 0, 0.330432, 0.94383
-0.219486, -0.120259, 0, 0, 0.330844, 0.943686
-0.225149, -0.124786, 0, 0, 0.33142, 0.943483
-0.230141, -0.128786, 0, 0, 0.331997, 0.943281
-0.234895, -0.132606, 0, 0, 0.332655, 0.943049
-0.239909, -0.136646, 0, 0, 0.333478, 0.942758
-0.245182, -0.14091, 0, 0, 0.333725, 0.942671
-0.250286, -0.145042, 0, 0, 0.333971, 0.942583
-0.254627, -0.148559, 0, 0, 0.334218, 0.942496
-0.258767, -0.151918, 0, 0, 0.334383, 0.942437
-0.262938, -0.155304, 0, 0, 0.334712, 0.942321
-0.26724, -0.158802, 0, 0, 0.33504, 0.942204
-0.271407, -0.162194, 0, 0, 0.335369, 0.942087
-0.274349, -0.164592, 0, 0, 0.335452, 0.942057
-0.277158, -0.166884, 0, 0, 0.335698, 0.94197
-0.280098, -0.169284, 0, 0, 0.336191, 0.941794
-0.283531, -0.172092, 0, 0, 0.336931, 0.941529
-0.286926, -0.174879, 0, 0, 0.337424, 0.941353
-0.288474, -0.176153, 0, 0, 0.337506, 0.941323
-0.289956, -0.177372, 0, 0, 0.337835, 0.941206
-0.291634, -0.178755, 0, 0, 0.338409, 0.940999
-0.293771, -0.180521, 0, 0, 0.338984, 0.940792
-0.295939, -0.182316, 0, 0, 0.339148, 0.940733
-0.296464, -0.182751, 0, 0, 0.339148, 0.940733
-0.296694, -0.182942, 0, 0, 0.339313, 0.940674
-0.297121, -0.183296, 0, 0, 0.339887, 0.940466
-0.298105, -0.184114, 0, 0, 0.340626, 0.940199
-0.299055, -0.184906, 0, 0, 0.341036, 0.94005
-0.298073, -0.184085, 0, 0, 0.341282, 0.939961
-0.297222, -0.183374, 0, 0, 0.341446, 0.939901
-0.296666, -0.182909, 0, 0, 0.341774, 0.939782
-0.296634, -0.182881, 0, 0, 0.34202, 0.939693
-0.29647, -0.182744, 0, 0, 0.341938, 0.939722
-0.294183, -0.180826, 0, 0, 0.341446, 0.939901
-0.292123, -0.179101, 0, 0, 0.341528, 0.939872
-0.290423, -0.177678, 0, 0, 0.341938, 0.939722
-0.289246, -0.176691, 0, 0, 0.342758, 0.939424
-0.288007, -0.175647, 0, 0, 0.343332, 0.939214
-0.284617, -0.172787, 0, 0, 0.343496, 0.939154
-0.281359, -0.170036, 0, 0, 0.343414, 0.939184
-0.278393, -0.167532, 0, 0, 0.343496, 0.939154
-0.276341, -0.165799, 0, 0, 0.343906, 0.939004
-0.274062, -0.163871, 0, 0, 0.344233, 0.938884
-0.269669, -0.160149, 0, 0, 0.344807, 0.938674
-0.264988, -0.156174, 0, 0, 0.344889, 0.938644
-0.26086, -0.152667, 0, 0, 0.344971, 0.938613
-0.257448, -0.149768, 0, 0, 0.34538, 0.938463
-0.254201, -0.147003, 0, 0, 0.34579, 0.938312
-0.249237, -0.142769, 0, 0, 0.346281, 0.938131
-0.24392, -0.138225, 0, 0, 0.346445, 0.93807
-0.238864, -0.133901, 0, 0, 0.34669, 0.93798
-0.234361, -0.130046, 0, 0, 0.347263, 0.937768
-0.230025, -0.126324, 0, 0, 0.348081, 0.937464
-0.22437, -0.121453, 0, 0, 0.348899, 0.93716
-0.218563, -0.116433, 0, 0, 0.349226, 0.937038
-0.213082, -0.111688, 0, 0, 0.349635, 0.936886
-0.208023, -0.107302, 0, 0, 0.350207, 0.936672
-0.20297, -0.102909, 0, 0, 0.350861, 0.936427
-0.19683, -0.0975568, 0, 0, 0.351025, 0.936366
-0.190531, -0.0920621, 0, 0, 0.351025, 0.936366
-0.184522, -0.0868196, 0, 0, 0.35127, 0.936274
-0.178933, -0.0819387, 0, 0, 0.352005, 0.935998
-0.173319, -0.0770209, 0, 0, 0.353067, 0.935598
-0.167108, -0.0715551, 0, 0, 0.353556, 0.935413
-0.160775, -0.0659699, 0, 0, 0.353965, 0.935259
-0.154607, -0.0605204, 0, 0, 0.354454, 0.935073
-0.1487, -0.0552906, 0, 0, 0.355189, 0.934795
-0.142865, -0.0501081, 0, 0, 0.35633, 0.93436
-0.136979, -0.0448546, 0, 0, 0.356738, 0.934204
-0.130875, -0.0393971, 0, 0, 0.357064, 0.93408
-0.124902, -0.034049, 0, 0, 0.35739, 0.933955
-0.118996, -0.0287537, 0, 0, 0.357961, 0.933737
-0.112875, -0.0232516, 0, 0, 0.359264, 0.933236
-0.107117, -0.018047, 0, 0, 0.359915, 0.932985
-0.101492, -0.012949, 0, 0, 0.360567, 0.932733
-0.0957173, -0.00769968, 0, 0, 0.361218, 0.932482
-0.0898236, -0.00232739, 0, 0, 0.362275, 0.932071
-0.0840679, 0.00294306, 0, 0, 0.36317, 0.931723
-0.0788874, 0.00770506, 0, 0, 0.364227, 0.93131
-0.0740938, 0.0121316, 0, 0, 0.365202, 0.930928
-0.0689967, 0.0168582, 0, 0, 0.366176, 0.930545
-0.063535, 0.0219442, 0, 0, 0.367719, 0.929937
-0.0582769, 0.0268732, 0, 0, 0.368855, 0.929487
-0.0537138, 0.0311718, 0, 0, 0.369828, 0.9291
-0.0494075, 0.0352455, 0, 0, 0.370557, 0.92881
-0.0449839, 0.0394433, 0, 0, 0.371044, 0.928615
-0.0404719, 0.043734, 0, 0, 0.371935, 0.928259
-0.0361225, 0.047886, 0, 0, 0.372826, 0.927901
-0.0324892, 0.0513678, 0, 0, 0.373635, 0.927576
-0.0292309, 0.0545012, 0, 0, 0.374283, 0.927315
-0.0257314, 0.0578759, 0, 0, 0.375173, 0.926955
-0.0220238, 0.061465, 0, 0, 0.376871, 0.926266
-0.0184211, 0.0649783, 0, 0, 0.377922, 0.925838
-0.0160144, 0.0673359, 0, 0, 0.37881, 0.925474
-0.0134602, 0.0698477, 0, 0, 0.379295, 0.925276
-0.0108479, 0.072422, 0, 0, 0.379618, 0.925143
-0.00823741, 0.0749981, 0, 0, 0.380021, 0.924978
-0.00559883, 0.0776064, 0, 0, 0.380344, 0.924845
-0.00420469, 0.0789865, 0, 0, 0.380506, 0.924779
-0.0029928, 0.080187, 0, 0, 0.380667, 0.924712
-0.00196306, 0.0812078, 0, 0, 0.381393, 0.924413
-0.000572047, 0.0825911, 0, 0, 0.382361, 0.924013
0.00093677, 0.0840978, 0, 0, 0.383248, 0.923646
0.00120784, 0.0843695, 0, 0, 0.383812, 0.923411
0.00132816, 0.0844905, 0, 0, 0.383973, 0.923344
0.00150859, 0.0846719, 0, 0, 0.384134, 0.923277
0.00177913, 0.0849441, 0, 0, 0.384698, 0.923042
0.00192925, 0.0850956, 0, 0, 0.385101, 0.922875
0.000909351, 0.0840649, 0, 0, 0.385181, 0.922841
0.000219542, 0.0833676, 0, 0, 0.38502, 0.922908
-0.000620522, 0.082519, 0, 0, 0.385181, 0.922841
-0.00128034, 0.081852, 0, 0, 0.385826, 0.922572
-0.00181943, 0.0813055, 0, 0, 0.386228, 0.922403
-0.00382426, 0.0792697, 0, 0, 0.386148, 0.922437
-0.00573966, 0.0773253, 0, 0, 0.385987, 0.922504
-0.00792519, 0.0751083, 0, 0, 0.386389, 0.922336
-0.00974984, 0.0732541, 0, 0, 0.387033, 0.922066
-0.0113927, 0.07158, 0, 0, 0.387596, 0.921829
-0.0143461, 0.068563, 0, 0, 0.387918, 0.921694
-0.017357, 0.065483, 0, 0, 0.388481, 0.921457
-0.0204833, 0.0622771, 0, 0, 0.389044, 0.921219
-0.0233083, 0.0593731, 0, 0, 0.389767, 0.920914
-0.0259506, 0.0566484, 0, 0, 0.39049, 0.920607
-0.0298928, 0.0525704, 0, 0, 0.391133, 0.920334
-0.0337996, 0.0485177, 0, 0, 0.391615, 0.920129
-0.0378797, 0.0442764, 0, 0, 0.391855, 0.920027
-0.0415438, 0.0404635, 0, 0, 0.392337, 0.919821
-0.0450268, 0.0368314, 0, 0, 0.392738, 0.91965
-0.0495683, 0.0320873, 0, 0, 0.39314, 0.919479
-0.0543119, 0.0271234, 0, 0, 0.393781, 0.919204
-0.0591957, 0.0219985, 0, 0, 0.394183, 0.919032
-0.0637517, 0.0172092, 0, 0, 0.394664, 0.918826
-0.0680384, 0.0126936, 0, 0, 0.395305, 0.91855
-0.0731983, 0.00724283, 0, 0, 0.396187, 0.91817
-0.0784063, 0.00172012, 0, 0, 0.397308, 0.917685
-0.0835716, -0.00378419, 0, 0, 0.398109, 0.917338
-0.0884942, -0.00904832, 0, 0, 0.398749, 0.91706
-0.0933804, -0.0142881, 0, 0, 0.399229, 0.916851
-0.098755, -0.0200638, 0, 0, 0.399549, 0.916712
-0.104329, -0.0260619, 0, 0, 0.400189, 0.916433
-0.109894, -0.0320677, 0, 0, 0.400669, 0.916223
-0.115222, -0.037829, 0, 0, 0.401308, 0.915943
-0.120454, -0.0435035, 0, 0, 0.402108, 0.915592
-0.125937, -0.0494699, 0, 0, 0.403226, 0.9151
-0.131405, -0.0554496, 0, 0, 0.403944, 0.914784
-0.136949, -0.0615324, 0, 0, 0.404822, 0.914395
-0.142368, -0.0674996, 0, 0, 0.4057, 0.914006
-0.147746, -0.0734455, 0, 0, 0.406418, 0.913687
-0.153029, -0.0793049, 0, 0, 0.407295, 0.913297
-0.158358, -0.0852378, 0, 0, 0.407852, 0.913048
-0.16368, -0.0911773, 0, 0, 0.40833, 0.912834
-0.169052, -0.0971859, 0, 0, 0.408808, 0.91262
-0.174446, -0.103232, 0, 0, 0.409445, 0.912335
-0.179606, -0.109031, 0, 0, 0.41048, 0.91187
-0.184639, -0.114713, 0, 0, 0.410958, 0.911654
-0.189835, -0.120593, 0, 0, 0.411117, 0.911583
-0.194973, -0.126411, 0, 0, 0.411355, 0.911475
-0.200023, -0.132135, 0, 0, 0.411673, 0.911331
-0.204534, -0.137255, 0, 0, 0.41223, 0.91108
-0.208813, -0.142124, 0, 0, 0.412389, 0.911008
-0.213315, -0.147251, 0, 0, 0.412548, 0.910936
-0.218041, -0.152636, 0, 0, 0.412787, 0.910828
-0.222708, -0.157959, 0, 0, 0.413263, 0.910612
-0.226667, -0.162485, 0, 0, 0.413343, 0.910575
-0.230373, -0.166722, 0, 0, 0.413581, 0.910467
-0.23402, -0.170897, 0, 0, 0.414058, 0.910251
-0.237971, -0.17543, 0, 0, 0.414773, 0.909925
-0.242055, -0.18013, 0, 0, 0.415487, 0.909599
-0.245155, -0.183708, 0, 0, 0.415567, 0.909563
-0.248002, -0.186996, 0, 0, 0.415725, 0.90949
-0.250988, -0.190447, 0, 0, 0.415884, 0.909418
-0.254196, -0.194157, 0, 0, 0.416201, 0.909272
-0.257318, -0.197772, 0, 0, 0.416519, 0.909127
-0.259016, -0.199742, 0, 0, 0.416519, 0.909127
-0.260687, -0.20168, 0, 0, 0.416598, 0.909091
-0.262664, -0.203973, 0, 0, 0.416995, 0.908909
-0.265084, -0.206786, 0, 0, 0.417471, 0.90869
-0.267501, -0.2096, 0, 0, 0.417709, 0.908581
-0.268167, -0.210377, 0, 0, 0.417709, 0.908581
-0.268612, -0.210895, 0, 0, 0.418105, 0.908399
-0.269305, -0.211705, 0, 0, 0.418818, 0.90807
-0.270468, -0.213068, 0, 0, 0.41969, 0.907668
-0.271711, -0.21453, 0, 0, 0.420402, 0.907338
-0.271545, -0.214334, 0, 0, 0.420402, 0.907338
-0.271297, -0.214042, 0, 0, 0.420402, 0.907338
-0.271297, -0.214042, 0, 0, 0.420561, 0.907264
-0.271463, -0.214237, 0, 0, 0.421748, 0.906713
-0.271572, -0.214367, 0, 0, 0.422381, 0.906418
-0.270228, -0.212767, 0, 0, 0.422381, 0.906418
-0.268967, -0.211265, 0, 0, 0.422223, 0.906492
-0.267924, -0.210025, 0, 0, 0.422223, 0.906492
-0.26743, -0.209437, 0, 0, 0.422856, 0.906197
-0.2668, -0.208685, 0, 0, 0.422856, 0.906197
-0.264307, -0.205711, 0, 0, 0.422856, 0.906197
-0.261978, -0.202933, 0, 0, 0.422856, 0.906197
-0.259869, -0.200417, 0, 0, 0.423093, 0.906086
-0.258199, -0.198422, 0, 0, 0.423883, 0.905717
-0.25656, -0.196457, 0, 0, 0.424278, 0.905532
-0.25323, -0.192459, 0, 0, 0.424516, 0.905421
-0.250011, -0.188591, 0, 0, 0.424516, 0.905421
-0.247038, -0.185018, 0, 0, 0.424516, 0.905421
-0.244447, -0.181903, 0, 0, 0.425069, 0.905161
-0.241887, -0.178818, 0, 0, 0.425305, 0.90505
-0.238022, -0.174157, 0, 0, 0.425621, 0.904901
-0.233861, -0.16913, 0, 0, 0.425779, 0.904827
-0.229974, -0.164432, 0, 0, 0.425937, 0.904753
-0.226686, -0.160454, 0, 0, 0.426332, 0.904567
-0.223402, -0.156474, 0, 0, 0.426806, 0.904343
-0.218766, -0.150845, 0, 0, 0.4272, 0.904157
-0.213973, -0.145014, 0, 0, 0.427279, 0.90412
-0.209533, -0.13961, 0, 0, 0.427516, 0.904008
-0.205528, -0.134732, 0, 0, 0.428226, 0.903672
-0.201478, -0.129781, 0, 0, 0.428777, 0.90341
-0.196489, -0.123668, 0, 0, 0.429093, 0.90326
-0.19137, -0.117387, 0, 0, 0.429172, 0.903223
-0.186414, -0.111304, 0, 0, 0.429408, 0.903111
-0.181811, -0.105648, 0, 0, 0.429881, 0.902886
-0.177321, -0.100119, 0, 0, 0.430275, 0.902698
-0.172272, -0.0938913, 0, 0, 0.43059, 0.902548
-0.166959, -0.0873282, 0, 0, 0.430826, 0.902435
-0.161757, -0.080895, 0, 0, 0.431456, 0.902134
-0.156912, -0.0748861, 0, 0, 0.432322, 0.901719
-0.152105, -0.0689012, 0, 0, 0.433345, 0.901228
-0.146993, -0.0625056, 0, 0, 0.433895, 0.900963
-0.141781, -0.0559705, 0, 0, 0.434131, 0.90085
-0.136653, -0.0495326, 0, 0, 0.434602, 0.900622
-0.131611, -0.0431896, 0, 0, 0.435074, 0.900395
-0.126761, -0.0370752, 0, 0, 0.435702, 0.900091
-0.121867, -0.0308871, 0, 0, 0.436252, 0.899824
-0.116849, -0.0245256, 0, 0, 0.436959, 0.899482
-0.111866, -0.0181898, 0, 0, 0.437508, 0.899214
-0.10705, -0.0120492, 0, 0, 0.438293, 0.898832
-0.102375, -0.00606823, 0, 0, 0.439234, 0.898373
-0.0978182, -0.000212103, 0, 0, 0.440018, 0.897989
-0.0932973, 0.00561826, 0, 0, 0.440958, 0.897528
-0.0887105, 0.0115594, 0, 0, 0.441506, 0.897258
-0.0840268, 0.0176412, 0, 0, 0.442054, 0.896989
-0.0796364, 0.0233567, 0, 0, 0.442758, 0.896641
-0.0757216, 0.0284697, 0, 0, 0.443541, 0.896254
-0.0718674, 0.0335216, 0, 0, 0.444713, 0.895673
-0.0678977, 0.0387535, 0, 0, 0.445651, 0.895207
-0.0637846, 0.0441979, 0, 0, 0.44651, 0.894779
-0.059964, 0.0492753, 0, 0, 0.447447, 0.89431
-0.05664, 0.0537122, 0, 0, 0.448461, 0.893802
-0.0534279, 0.0580199, 0, 0, 0.449709, 0.893175
-0.0501772, 0.0624051, 0, 0, 0.450488, 0.892782
-0.0468834, 0.0668646, 0, 0, 0.451267, 0.892389
-0.043749, 0.0711237, 0, 0, 0.452123, 0.891955
-0.041354, 0.0743913, 0, 0, 0.453213, 0.891402
-0.0389669, 0.0776648, 0, 0, 0.453835, 0.891086
-0.036459, 0.081114, 0, 0, 0.454457, 0.890769
-0.0338559, 0.0847049, 0, 0, 0.455001, 0.890491
-0.0312571, 0.0882989, 0, 0, 0.455545, 0.890213
-0.0297104, 0.0904434, 0, 0, 0.455856, 0.890054
-0.0284643, 0.0921737, 0, 0, 0.455933, 0.890014
-0.0271687, 0.0939735, 0, 0, 0.456322, 0.889815
-0.0255013, 0.0962938, 0, 0, 0.45702, 0.889456
-0.0238128, 0.0986515, 0, 0, 0.457874, 0.889017
-0.0233175, 0.0993458, 0, 0, 0.458417, 0.888737
-0.0228972, 0.0999366, 0, 0, 0.458339, 0.888777
-0.0224768, 0.100527, 0, 0, 0.458417, 0.888737
-0.0218835, 0.101361, 0, 0, 0.459115, 0.888377
-0.0213408, 0.102127, 0, 0, 0.46051, 0.887655
-0.0219793, 0.10122, 0, 0, 0.462523, 0.886608
-0.0221989, 0.100905, 0, 0, 0.463451, 0.886123
-0.0223692, 0.10066, 0, 0, 0.464378, 0.885637
-0.022442, 0.100555, 0, 0, 0.465074, 0.885272
-0.0226114, 0.100309, 0, 0, 0.465537, 0.885028
-0.0238919, 0.0984465, 0, 0, 0.465615, 0.884988
-0.025148, 0.096619, 0, 0, 0.465615, 0.884988
-0.026404, 0.0947914, 0, 0, 0.466155, 0.884703
-0.0273926, 0.0933492, 0, 0, 0.46685, 0.884337
-0.0283068, 0.0920111, 0, 0, 0.467236, 0.884133
-0.0304691, 0.08884, 0, 0, 0.467236, 0.884133
-0.0326074, 0.0857042, 0, 0, 0.467081, 0.884214
-0.0347709, 0.0825339, 0, 0, 0.467158, 0.884174
-0.0367655, 0.0796098, 0, 0, 0.467698, 0.883888
-0.0386847, 0.0767891, 0, 0, 0.468547, 0.883439
-0.0415792, 0.0725172, 0, 0, 0.468932, 0.883234
-0.0443982, 0.0683487, 0, 0, 0.469472, 0.882948
-0.0473076, 0.0640354, 0, 0, 0.470165, 0.882579
-0.0499961, 0.060036, 0, 0, 0.471089, 0.882086
-0.052605, 0.0561374, 0, 0, 0.472166, 0.88151
-0.0560315, 0.0509898, 0, 0, 0.472628, 0.881262
-0.059547, 0.0456966, 0, 0, 0.473089, 0.881015
-0.063104, 0.0403286, 0, 0, 0.473473, 0.880808
-0.0664447, 0.0352777, 0, 0, 0.473935, 0.88056
-0.0697095, 0.03033, 0, 0, 0.474549, 0.880229
-0.0735534, 0.0244871, 0, 0, 0.474933, 0.880022
-0.0775561, 0.0183913, 0, 0, 0.475317, 0.879815
-0.0816937, 0.012078, 0, 0, 0.475701, 0.879607
-0.0856391, 0.00604657, 0, 0, 0.476622, 0.879108
-0.0893623, 0.000328559, 0, 0, 0.477465, 0.87865
-0.093469, -0.00600489, 0, 0, 0.478155, 0.878275
-0.0976815, -0.0125239, 0, 0, 0.478845, 0.877899
-0.102022, -0.0192646, 0, 0, 0.479305, 0.877649
-0.10631, -0.0259381, 0, 0, 0.479994, 0.877272
-0.110426, -0.0323669, 0, 0, 0.480377, 0.877062
-0.114697, -0.0390509, 0, 0, 0.480759, 0.876853
-0.118986, -0.0457745, 0, 0, 0.481371, 0.876517
-0.123402, -0.0527201, 0, 0, 0.481983, 0.876181
-0.127786, -0.0596358, 0, 0, 0.482977, 0.875633
-0.131972, -0.0662728, 0, 0, 0.483664, 0.875254
-0.136238, -0.0730609, 0, 0, 0.484199, 0.874958
-0.140519, -0.0798902, 0, 0, 0.484657, 0.874704
-0.144815, -0.0867603, 0, 0, 0.485191, 0.874408
-0.149171, -0.0937441, 0, 0, 0.486183, 0.873857
-0.153353, -0.100484, 0, 0, 0.486793, 0.873517
-0.157346, -0.10694, 0, 0, 0.487403, 0.873177
-0.161375, -0.113474, 0, 0, 0.48786, 0.872922
-0.165554, -0.120266, 0, 0, 0.488317, 0.872667
-0.169904, -0.127354, 0, 0, 0.48885, 0.872368
-0.174023, -0.134083, 0, 0, 0.488926, 0.872325
-0.177807, -0.140267, 0, 0, 0.489154, 0.872197
-0.181498, -0.146307, 0, 0, 0.489382, 0.872069
-0.185342, -0.152605, 0, 0, 0.489763, 0.871856
-0.189225, -0.158978, 0, 0, 0.490067, 0.871685
-0.192992, -0.165172, 0, 0, 0.490448, 0.871471
-0.196201, -0.170458, 0, 0, 0.490828, 0.871257
-0.199295, -0.175564, 0, 0, 0.491208, 0.871042
-0.202583, -0.181002, 0, 0, 0.491892, 0.870656
-0.205928, -0.186554, 0, 0, 0.492575, 0.87027
-0.209221, -0.192039, 0, 0, 0.493031, 0.870012
-0.211938, -0.196575, 0, 0, 0.493335, 0.86984
-0.214565, -0.200967, 0, 0, 0.493562, 0.86971
-0.217101, -0.205214, 0, 0, 0.494245, 0.869322
-0.219849, -0.209832, 0, 0, 0.494549, 0.86915
-0.222616, -0.214488, 0, 0, 0.4947, 0.869064
-0.224445, -0.217568, 0, 0, 0.494852, 0.868977
-0.226055, -0.220282, 0, 0, 0.495004, 0.868891
-0.22773, -0.223107, 0, 0, 0.49561, 0.868545
-0.229921, -0.226815, 0, 0, 0.496368, 0.868112
-0.232149, -0.230601, 0, 0, 0.496974, 0.867765
-0.233142, -0.232293, 0, 0, 0.497353, 0.867549
-0.233745, -0.233323, 0, 0, 0.497504, 0.867462
-0.234542, -0.234685, 0, 0, 0.497807, 0.867288
-0.23594, -0.237078, 0, 0, 0.498185, 0.867071
-0.237358, -0.23951, 0, 0, 0.498412, 0.86694
-0.237615, -0.239952, 0, 0, 0.498412, 0.86694
-0.237615, -0.239952, 0, 0, 0.498639, 0.86681
-0.237787, -0.240247, 0, 0, 0.499093, 0.866549
-0.238279, -0.241096, 0, 0, 0.499849, 0.866113
-0.238812, -0.242019, 0, 0, 0.500227, 0.865894
-0.238045, -0.240689, 0, 0, 0.500378, 0.865807
-0.237343, -0.239469, 0, 0, 0.500831, 0.865545
-0.236854, -0.238619, 0, 0, 0.501511, 0.865151
-0.23679, -0.238508, 0, 0, 0.502115, 0.864801
-0.236621, -0.238212, 0, 0, 0.502341, 0.86467
-0.235016, -0.235396, 0, 0, 0.50219, 0.864757
-0.233431, -0.232618, 0, 0, 0.502115, 0.864801
-0.23212, -0.230322, 0, 0, 0.502266, 0.864713
-0.231254, -0.228803, 0, 0, 0.502416, 0.864626
-0.230346, -0.22721, 0, 0, 0.502492, 0.864582
-0.228108, -0.223282, 0, 0, 0.502492, 0.864582
-0.225786, -0.219206, 0, 0, 0.502341, 0.86467
-0.22361, -0.21539, 0, 0, 0.502567, 0.864538
-0.221838, -0.212277, 0, 0, 0.50302, 0.864275
-0.220237, -0.209459, 0, 0, 0.503623, 0.863923
-0.217568, -0.204746, 0, 0, 0.504151, 0.863616
-0.214674, -0.199622, 0, 0, 0.504377, 0.863484
-0.211721, -0.194384, 0, 0, 0.504678, 0.863307
-0.209336, -0.190147, 0, 0, 0.505055, 0.863087
-0.2071, -0.186169, 0, 0, 0.505507, 0.862823
-0.203869, -0.180403, 0, 0, 0.505958, 0.862558
-0.200372, -0.17415, 0, 0, 0.506184, 0.862425
-0.197191, -0.168453, 0, 0, 0.50626, 0.862381
-0.194385, -0.163426, 0, 0, 0.506636, 0.86216
-0.191479, -0.15821, 0, 0, 0.507012, 0.861939
-0.18777, -0.151538, 0, 0, 0.507162, 0.861851
-0.18394, -0.144641, 0, 0, 0.507238, 0.861806
-0.180234, -0.137967, 0, 0, 0.507388, 0.861718
-0.176862, -0.131888, 0, 0, 0.507914, 0.861408
-0.173559, -0.125918, 0, 0, 0.508591, 0.861008
-0.169648, -0.118821, 0, 0, 0.509492, 0.860475
-0.165629, -0.111492, 0, 0, 0.509943, 0.860208
-0.161761, -0.104421, 0, 0, 0.510393, 0.859941
-0.158084, -0.0976828, 0, 0, 0.510843, 0.859674
-0.154516, -0.0911279, 0, 0, 0.511518, 0.859273
-0.150714, -0.0841175, 0, 0, 0.512118, 0.858915
-0.14676, -0.0768016, 0, 0, 0.512343, 0.858781
-0.14279, -0.0694462, 0, 0, 0.512418, 0.858736
-0.138902, -0.0622402, 0, 0, 0.512642, 0.858602
-0.135139, -0.0552574, 0, 0, 0.513616, 0.85802
-0.131392, -0.0482661, 0, 0, 0.514215, 0.857661
-0.127554, -0.0410815, 0, 0, 0.514814, 0.857302
-0.123746, -0.0339292, 0, 0, 0.515487, 0.856898
-0.119929, -0.0267333, 0, 0, 0.51616, 0.856492
-0.116204, -0.0196822, 0, 0, 0.51728, 0.855816
-0.112715, -0.0130367, 0, 0, 0.517878, 0.855455
-0.109295, -0.00649965, 0, 0, 0.518326, 0.855183
-0.105763, 0.000267781, 0, 0, 0.518773, 0.854912
-0.102179, 0.00715239, 0, 0, 0.519072, 0.854731
-0.0986784, 0.0138881, 0, 0, 0.519743, 0.854323
-0.0955415, 0.0199477, 0, 0, 0.520488, 0.853869
-0.0925324, 0.0257852, 0, 0, 0.521382, 0.853323
-0.0893409, 0.0320085, 0, 0, 0.522052, 0.852914
-0.0859845, 0.0385787, 0, 0, 0.522647, 0.852549
-0.0827922, 0.0448494, 0, 0, 0.523912, 0.851773
-0.0800416, 0.0502923, 0, 0, 0.524952, 0.851132
-0.077534, 0.0552845, 0, 0, 0.525694, 0.850674
-0.0749207, 0.06051, 0, 0, 0.526362, 0.85026
-0.0721825, 0.0660068, 0, 0, 0.527697, 0.849433
-0.0695372, 0.0713592, 0, 0, 0.528735, 0.848787
-0.0673938, 0.0757229, 0, 0, 0.529771, 0.848141
-0.0653172, 0.0799768, 0, 0, 0.530585, 0.847632
-0.0631742, 0.0843881, 0, 0, 0.531177, 0.847261
-0.061056, 0.088764, 0, 0, 0.531842, 0.846844
-0.0588891, 0.0932585, 0, 0, 0.532138, 0.846658
-0.0574651, 0.0962174, 0, 0, 0.532359, 0.846519
-0.0562088, 0.0988311, 0, 0, 0.532433, 0.846472
-0.0549716, 0.101407, 0, 0, 0.532729, 0.846286
-0.0534963, 0.104483, 0, 0, 0.533688, 0.845681
-0.0520832, 0.107447, 0, 0, 0.534426, 0.845215
-0.0514797, 0.108718, 0, 0, 0.534795, 0.844982
-0.0508227, 0.110106, 0, 0, 0.534869, 0.844935
-0.0501293, 0.111571, 0, 0, 0.534869, 0.844935
-0.0493995, 0.113113, 0, 0, 0.535827, 0.844328
-0.0486914, 0.114617, 0, 0, 0.537005, 0.843579
-0.0487997, 0.114386, 0, 0, 0.537668, 0.843157
-0.0487637, 0.114463, 0, 0, 0.537888, 0.843016
-0.0487278, 0.11454, 0, 0, 0.537888, 0.843016
-0.0486379, 0.114734, 0, 0, 0.538844, 0.842405
-0.0485485, 0.114927, 0, 0, 0.5398, 0.841794
-0.0491891, 0.113532, 0, 0, 0.54024, 0.841511
-0.0498637, 0.112059, 0, 0, 0.540093, 0.841605
-0.0505743, 0.110508, 0, 0, 0.540461, 0.841369
-0.0509999, 0.109577, 0, 0, 0.541195, 0.840897
-0.0514062, 0.108684, 0, 0, 0.541415, 0.840756
-0.0527472, 0.105733, 0, 0, 0.541195, 0.840897
-0.0540367, 0.1029, 0, 0, 0.541121, 0.840945
-0.0553797, 0.0999502, 0, 0, 0.541855, 0.840472
-0.0565416, 0.0973866, 0, 0, 0.542881, 0.839809
-0.0576621, 0.0948979, 0, 0, 0.543614, 0.839335
-0.0595283, 0.0907338, 0, 0, 0.544127, 0.839003
-0.0613546, 0.0866453, 0, 0, 0.544493, 0.838766
-0.0632641, 0.0823605, 0, 0, 0.545005, 0.838433
-0.064926, 0.0786189, 0, 0, 0.545298, 0.838243
-0.0665681, 0.0749152, 0, 0, 0.545517, 0.8381
-0.068916, 0.0696119, 0, 0, 0.545883, 0.837862
-0.0713282, 0.0641504, 0, 0, 0.546394, 0.837528
-0.0738024, 0.0585299, 0, 0, 0.547198, 0.837003
-0.0760435, 0.0534125, 0, 0, 0.547636, 0.836717
-0.0781427, 0.0486054, 0, 0, 0.548001, 0.836477
-0.0808168, 0.0424671, 0, 0, 0.548293, 0.836286
-0.0836396, 0.035975, 0, 0, 0.548585, 0.836095
-0.0864749, 0.0294418, 0, 0, 0.548804, 0.835951
-0.0891372, 0.0232985, 0, 0, 0.549315, 0.835616
-0.0916736, 0.0174259, 0, 0, 0.549971, 0.835184
-0.094622, 0.0105699, 0, 0, 0.550626, 0.834752
-0.0976603, 0.00347414, 0, 0, 0.551427, 0.834223
-0.100752, -0.00378443, 0, 0, 0.551937, 0.833886
-0.103701, -0.0107327, 0, 0, 0.552519, 0.8335
-0.106458, -0.0172531, 0, 0, 0.553173, 0.833066
-0.109486, -0.0244459, 0, 0, 0.553828, 0.832631
-0.112635, -0.0319581, 0, 0, 0.554699, 0.832051
-0.115768, -0.039477, 0, 0, 0.555062, 0.831809
-0.118878, -0.0469591, 0, 0, 0.555498, 0.831518
-0.121865, -0.0541688, 0, 0, 0.55586, 0.831276
-0.124928, -0.0615781, 0, 0, 0.556223, 0.831033
-0.128066, -0.0691872, 0, 0, 0.556948, 0.830547
-0.131158, -0.0767228, 0, 0, 0.557673, 0.830061
-0.134205, -0.0841849, 0, 0, 0.558324, 0.829623
-0.137192, -0.0915332, 0, 0, 0.558976, 0.829184
-0.140135, -0.0988072, 0, 0, 0.559482, 0.828842
-0.143086, -0.106124, 0, 0, 0.560278, 0.828305
-0.146022, -0.113447, 0, 0, 0.560784, 0.827962
-0.148981, -0.120853, 0, 0, 0.561217, 0.827669
-0.151948, -0.128301, 0, 0, 0.56165, 0.827375
-0.154781, -0.135435, 0, 0, 0.562156, 0.827032
-0.157512, -0.142335, 0, 0, 0.562589, 0.826737
-0.160376, -0.149595, 0, 0, 0.562877, 0.826541
-0.163219, -0.156817, 0, 0, 0.563093, 0.826393
-0.166012, -0.163921, 0, 0, 0.563238, 0.826295
-0.168584, -0.170471, 0, 0, 0.563526, 0.826098
-0.170934, -0.176466, 0, 0, 0.563814, 0.825902
-0.173295, -0.182503, 0, 0, 0.564175, 0.825655
-0.175743, -0.188781, 0, 0, 0.564751, 0.825261
-0.178276, -0.1953, 0, 0, 0.565471, 0.824768
-0.180444, -0.200909, 0, 0, 0.566047, 0.824373
-0.18242, -0.206043, 0, 0, 0.566334, 0.824176
-0.184438, -0.211298, 0, 0, 0.56655, 0.824027
-0.186514, -0.216713, 0, 0, 0.56691, 0.82378
-0.188617, -0.22221, 0, 0, 0.567125, 0.823632
-0.190184, -0.226314, 0, 0, 0.567413, 0.823434
-0.191657, -0.230179, 0, 0, 0.567628, 0.823285
-0.193143, -0.234085, 0, 0, 0.567916, 0.823087
-0.194823, -0.238511, 0, 0, 0.56849, 0.82269
-0.196482, -0.242899, 0, 0, 0.568777, 0.822492
-0.19734, -0.245173, 0, 0, 0.568705, 0.822541
-0.198168, -0.247368, 0, 0, 0.568777, 0.822492
-0.199087, -0.249801, 0, 0, 0.569136, 0.822243
-0.200258, -0.252915, 0, 0, 0.569638, 0.821896
-0.201426, -0.256029, 0, 0, 0.569997, 0.821647
-0.201739, -0.256868, 0, 0, 0.569925, 0.821697
-0.201934, -0.257388, 0, 0, 0.570068, 0.821597
-0.202202, -0.258107, 0, 0, 0.570642, 0.821199
-0.202753, -0.259586, 0, 0, 0.571215, 0.8208
-0.203271, -0.260985, 0, 0, 0.571502, 0.820601
-0.20302, -0.260305, 0, 0, 0.57143, 0.820651
-0.202798, -0.259705, 0, 0, 0.57143, 0.820651
-0.202665, -0.259345, 0, 0, 0.571573, 0.820551
-0.20265, -0.259305, 0, 0, 0.57186, 0.820352
-0.202591, -0.259145, 0, 0, 0.572146, 0.820152
-0.20181, -0.257024, 0, 0, 0.572146, 0.820152
-0.20103, -0.254903, 0, 0, 0.572217, 0.820102
-0.200265, -0.252821, 0, 0, 0.572575, 0.819852
-0.199824, -0.25162, 0, 0, 0.573505, 0.819202
-0.19943, -0.250538, 0, 0, 0.574363, 0.818601
-0.198168, -0.247049, 0, 0, 0.574505, 0.818501
-0.196892, -0.24352, 0, 0, 0.574505, 0.818501
-0.19566, -0.240111, 0, 0, 0.574577, 0.818451
-0.194747, -0.237584, 0, 0, 0.574934, 0.8182
-0.193851, -0.235096, 0, 0, 0.575291, 0.817949
-0.192078, -0.23016, 0, 0, 0.575434, 0.817849
-0.190177, -0.224861, 0, 0, 0.575291, 0.817949
-0.188389, -0.219885, 0, 0, 0.575362, 0.817899
-0.186948, -0.215871, 0, 0, 0.576076, 0.817396
-0.1856, -0.212096, 0, 0, 0.576575, 0.817044
-0.18347, -0.206109, 0, 0, 0.57686, 0.816843
-0.181217, -0.199759, 0, 0, 0.576931, 0.816793
-0.179107, -0.19381, 0, 0, 0.577145, 0.816642
-0.177213, -0.188464, 0, 0, 0.578, 0.816037
-0.175444, -0.183435, 0, 0, 0.57857, 0.815633
-0.173133, -0.176834, 0, 0, 0.578783, 0.815482
-0.170628, -0.169668, 0, 0, 0.578854, 0.815431
-0.168236, -0.162824, 0, 0, 0.578925, 0.81538
-0.166057, -0.156584, 0, 0, 0.579495, 0.814976
-0.16397, -0.150582, 0, 0, 0.57985, 0.814723
-0.161414, -0.143208, 0, 0, 0.580063, 0.814571
-0.158694, -0.135349, 0, 0, 0.580134, 0.814521
-0.156074, -0.127772, 0, 0, 0.580206, 0.81447
-0.153691, -0.12088, 0, 0, 0.580845, 0.814014
-0.151361, -0.114105, 0, 0, 0.581342, 0.813659
-0.148749, -0.10648, 0, 0, 0.581768, 0.813355
-0.146007, -0.0984487, 0, 0, 0.582123, 0.813101
-0.143313, -0.090536, 0, 0, 0.582903, 0.812542
-0.140812, -0.0831433, 0, 0, 0.583683, 0.811982
-0.138312, -0.0757054, 0, 0, 0.584391, 0.811472
-0.13573, -0.06798, 0, 0, 0.584816, 0.811166
-0.133089, -0.0600497, 0, 0, 0.585099, 0.810962
-0.130467, -0.0521579, 0, 0, 0.585453, 0.810706
-0.127905, -0.0444258, 0, 0, 0.585948, 0.810349
-0.125446, -0.0369741, 0, 0, 0.586584, 0.809888
-0.123039, -0.02964, 0, 0, 0.587362, 0.809325
-0.120593, -0.0221392, 0, 0, 0.588068, 0.808812
-0.118174, -0.0146747, 0, 0, 0.589126, 0.808041
-0.115761, -0.0071633, 0, 0, 0.58976, 0.807578
-0.113359, 0.000351906, 0, 0, 0.590465, 0.807063
-0.111204, 0.00713967, 0, 0, 0.591028, 0.806651
-0.109096, 0.0138085, 0, 0, 0.59145, 0.806341
-0.10688, 0.0208455, 0, 0, 0.592084, 0.805877
-0.104624, 0.0280489, 0, 0, 0.592576, 0.805515
-0.102504, 0.0348478, 0, 0, 0.593208, 0.805049
-0.100634, 0.0408762, 0, 0, 0.593981, 0.804479
-0.0988011, 0.0468266, 0, 0, 0.595103, 0.803649
-0.0968978, 0.0530677, 0, 0, 0.596015, 0.802974
-0.0950087, 0.0593131, 0, 0, 0.596925, 0.802297
-0.0932072, 0.0653176, 0, 0, 0.597835, 0.801619
-0.0916626, 0.0705088, 0, 0, 0.598674, 0.800993
-0.0902134, 0.0754168, 0, 0, 0.599582, 0.800313
-0.0887634, 0.0803691, 0, 0, 0.600211, 0.799842
-0.0872735, 0.0854874, 0, 0, 0.600978, 0.799265
-0.0857579, 0.0907314, 0, 0, 0.602024, 0.798478
-0.0846315, 0.0946675, 0, 0, 0.60286, 0.797847
-0.0834901, 0.0986879, 0, 0, 0.603626, 0.797268
-0.0824142, 0.102505, 0, 0, 0.603834, 0.79711
-0.0813518, 0.106282, 0, 0, 0.604182, 0.796846
-0.0802582, 0.110183, 0, 0, 0.604669, 0.796477
-0.0796279, 0.112442, 0, 0, 0.605016, 0.796213
-0.0791023, 0.114332, 0, 0, 0.605155, 0.796108
-0.0786116, 0.116099, 0, 0, 0.605433, 0.795896
-0.0779401, 0.118524, 0, 0, 0.606058, 0.795421
-0.0772384, 0.121073, 0, 0, 0.606752, 0.794891
-0.0770584, 0.121732, 0, 0, 0.60696, 0.794733
-0.0769238, 0.122225, 0, 0, 0.60696, 0.794733
-0.0767891, 0.122719, 0, 0, 0.607307, 0.794468
-0.0765765, 0.123501, 0, 0, 0.608138, 0.793831
-0.0763766, 0.124242, 0, 0, 0.609108, 0.793088
-0.0767287, 0.122924, 0, 0, 0.610076, 0.792343
-0.0769031, 0.122264, 0, 0, 0.610145, 0.79229
-0.0770665, 0.121645, 0, 0, 0.610076, 0.792343
-0.0771319, 0.121398, 0, 0, 0.610422, 0.792077
-0.0772188, 0.121068, 0, 0, 0.610767, 0.79181
-0.0778794, 0.118552, 0, 0, 0.610836, 0.791757
-0.0785395, 0.116036, 0, 0, 0.610975, 0.79165
-0.0791988, 0.113519, 0, 0, 0.611527, 0.791224
-0.079747, 0.111414, 0, 0, 0.612286, 0.790636
-0.0802272, 0.109556, 0, 0, 0.612907, 0.790155
-0.0812135, 0.105715, 0, 0, 0.613183, 0.789941
-0.082176, 0.101955, 0, 0, 0.613252, 0.789888
-0.0832118, 0.0979065, 0, 0, 0.613596, 0.78962
-0.0841177, 0.0943526, 0, 0, 0.614147, 0.789191
-0.0849663, 0.0910041, 0, 0, 0.614629, 0.788816
-0.0862903, 0.0857524, 0, 0, 0.61518, 0.788387
-0.0875862, 0.0805816, 0, 0, 0.615386, 0.788226
-0.0888691, 0.0754514, 0, 0, 0.615799, 0.787903
-0.0901054, 0.0704855, 0, 0, 0.616349, 0.787473
-0.0912938, 0.0656834, 0, 0, 0.617036, 0.786935
-0.0928197, 0.0594711, 0, 0, 0.617242, 0.786773
-0.0943626, 0.0531753, 0, 0, 0.617516, 0.786558
-0.0959315, 0.046754, 0, 0, 0.617928, 0.786235
-0.097413, 0.0406626, 0, 0, 0.618477, 0.785803
-0.098856, 0.0346935, 0, 0, 0.6193, 0.785155
-0.100565, 0.0275602, 0, 0, 0.619711, 0.78483
-0.102266, 0.020425, 0, 0, 0.620121, 0.784506
-0.103969, 0.0132466, 0, 0, 0.620532, 0.784181
-0.105606, 0.00631549, 0, 0, 0.621011, 0.783802
-0.107235, -0.000617668, 0, 0, 0.621695, 0.78326
-0.108978, -0.00809358, 0, 0, 0.622241, 0.782825
-0.110748, -0.0157381, 0, 0, 0.622856, 0.782336
-0.112554, -0.0235932, 0, 0, 0.623266, 0.78201
-0.114333, -0.0313671, 0, 0, 0.623607, 0.781738
-0.11603, -0.0388098, 0, 0, 0.624221, 0.781248
-0.11779, -0.046588, 0, 0, 0.624834, 0.780758
-0.119556, -0.0544521, 0, 0, 0.625583, 0.780158
-0.121345, -0.0624862, 0, 0, 0.626332, 0.779557
-0.12309, -0.0703987, 0, 0, 0.626944, 0.779064
-0.124823, -0.0783139, 0, 0, 0.627623, 0.778517
-0.126506, -0.0860655, 0, 0, 0.627963, 0.778243
-0.128183, -0.0938185, 0, 0, 0.628303, 0.777969
-0.129879, -0.101698, 0, 0, 0.62871, 0.77764
-0.131594, -0.109704, 0, 0, 0.629388, 0.777091
-0.133251, -0.117505, 0, 0, 0.629931, 0.776651
-0.134826, -0.124975, 0, 0, 0.630473, 0.776211
-0.136365, -0.132321, 0, 0, 0.63115, 0.775661
-0.137951, -0.139962, 0, 0, 0.631759, 0.775165
-0.139612, -0.148024, 0, 0, 0.632435, 0.774613
-0.141207, -0.155837, 0, 0, 0.63257, 0.774503
-0.142664, -0.162983, 0, 0, 0.63257, 0.774503
-0.144052, -0.169794, 0, 0, 0.632705, 0.774393
-0.14548, -0.176815, 0, 0, 0.632908, 0.774227
-0.146948, -0.184045, 0, 0, 0.633516, 0.77373
-0.148361, -0.191069, 0, 0, 0.633786, 0.773508
-0.149594, -0.197215, 0, 0, 0.633921, 0.773398
-0.150757, -0.203028, 0, 0, 0.633988, 0.773343
-0.151928, -0.208882, 0, 0, 0.634123, 0.773232
-0.153181, -0.215156, 0, 0, 0.634663, 0.772789
-0.154408, -0.221347, 0, 0, 0.635068, 0.772457
-0.155364, -0.2262, 0, 0, 0.63527, 0.77229
-0.156269, -0.230803, 0, 0, 0.635472, 0.772124
-0.157212, -0.235616, 0, 0, 0.635809, 0.771847
-0.158225, -0.240806, 0, 0, 0.636078, 0.771625
-0.159218, -0.245913, 0, 0, 0.636146, 0.771569
-0.159771, -0.24876, 0, 0, 0.636146, 0.771569
-0.160356, -0.251774, 0, 0, 0.636213, 0.771514
-0.160998, -0.255082, 0, 0, 0.636819, 0.771014
-0.161755, -0.259018, 0, 0, 0.637222, 0.77068
-0.162476, -0.262788, 0, 0, 0.637424, 0.770513
-0.162748, -0.264212, 0, 0, 0.637491, 0.770458
-0.162979, -0.265427, 0, 0, 0.637693, 0.770291
-0.163298, -0.267103, 0, 0, 0.638365, 0.769734
-0.163755, -0.269534, 0, 0, 0.638969, 0.769232
-0.164178, -0.271798, 0, 0, 0.639305, 0.768953
-0.164209, -0.271965, 0, 0, 0.639372, 0.768898
-0.164225, -0.272049, 0, 0, 0.639439, 0.768842
-0.164271, -0.272301, 0, 0, 0.639573, 0.76873
-0.164403, -0.273014, 0, 0, 0.639976, 0.768395
-0.164534, -0.273727, 0, 0, 0.640244, 0.768172
-0.164212, -0.271965, 0, 0, 0.640445, 0.768004
-0.163943, -0.270497, 0, 0, 0.640646, 0.767836
-0.163722, -0.26928, 0, 0, 0.641048, 0.767501
-0.163615, -0.268692, 0, 0, 0.641517, 0.767109
-0.16351, -0.268105, 0, 0, 0.641584, 0.767053
-0.162899, -0.264705, 0, 0, 0.64145, 0.767165
-0.16231, -0.261431, 0, 0, 0.641517, 0.767109
-0.161797, -0.258577, 0, 0, 0.642186, 0.766549
-0.161424, -0.256477, 0, 0, 0.643189, 0.765708
-0.161063, -0.254419, 0, 0, 0.643723, 0.765259
-0.160238, -0.249671, 0, 0, 0.643923, 0.76509
-0.159408, -0.244881, 0, 0, 0.64379, 0.765202
-0.158656, -0.240553, 0, 0, 0.643857, 0.765146
-0.158037, -0.236982, 0, 0, 0.644057, 0.764978
-0.157434, -0.233494, 0, 0, 0.64419, 0.764865
-0.156433, -0.227694, 0, 0, 0.644391, 0.764697
-0.155349, -0.22139, 0, 0, 0.644391, 0.764697
-0.154373, -0.215716, 0, 0, 0.644524, 0.764584
-0.153565, -0.211009, 0, 0, 0.644924, 0.764246
-0.152754, -0.206258, 0, 0, 0.645324, 0.763909
-0.151571, -0.199279, 0, 0, 0.645458, 0.763796
-0.150334, -0.191962, 0, 0, 0.645324, 0.763909
-0.149186, -0.185193, 0, 0, 0.645524, 0.76374
-0.148177, -0.179222, 0, 0, 0.645924, 0.763402
-0.147189, -0.173333, 0, 0, 0.646457, 0.76295
-0.145936, -0.165803, 0, 0, 0.646923, 0.762555
-0.144622, -0.157851, 0, 0, 0.647056, 0.762443
-0.143353, -0.150151, 0, 0, 0.647322, 0.762217
-0.142199, -0.143123, 0, 0, 0.647854, 0.761764
-0.141097, -0.136346, 0, 0, 0.648319, 0.761369
-0.139826, -0.128473, 0, 0, 0.648784, 0.760972
-0.138504, -0.12022, 0, 0, 0.648851, 0.760916
-0.137204, -0.112092, 0, 0, 0.648983, 0.760803
-0.136007, -0.104596, 0, 0, 0.649448, 0.760406
-0.134826, -0.0971409, 0, 0, 0.649979, 0.759952
-0.133543, -0.0889676, 0, 0, 0.650774, 0.759271
-0.132258, -0.0806652, 0, 0, 0.651172, 0.75893
-0.130982, -0.0723615, 0, 0, 0.651635, 0.758533
-0.129754, -0.0643092, 0, 0, 0.652231, 0.758021
-0.128551, -0.0563393, 0, 0, 0.653024, 0.757337
-0.127365, -0.0483669, 0, 0, 0.654081, 0.756425
-0.126202, -0.0403912, 0, 0, 0.654807, 0.755796
-0.12506, -0.0324555, 0, 0, 0.655466, 0.755225
-0.123943, -0.0246023, 0, 0, 0.655861, 0.754881
-0.122865, -0.016959, 0, 0, 0.656191, 0.754595
-0.121829, -0.00956824, 0, 0, 0.656652, 0.754194
-0.120802, -0.00217619, 0, 0, 0.657046, 0.75385
-0.119765, 0.00534367, 0, 0, 0.657441, 0.753506
-0.118713, 0.0130336, 0, 0, 0.657901, 0.753104
-0.117688, 0.0205981, 0, 0, 0.658755, 0.752357
-0.116775, 0.0274462, 0, 0, 0.659346, 0.75184
-0.11594, 0.0337884, 0, 0, 0.659936, 0.751322
-0.115082, 0.0403856, 0, 0, 0.660526, 0.750803
-0.114191, 0.0473226, 0, 0, 0.66105, 0.750342
-0.113315, 0.0542184, 0, 0, 0.661966, 0.749534
-0.112609, 0.0598892, 0, 0, 0.662685, 0.748898
-0.111955, 0.0652227, 0, 0, 0.663404, 0.748261
-0.111281, 0.0708114, 0, 0, 0.664318, 0.74745
-0.110585, 0.0766982, 0, 0, 0.665361, 0.746522
-0.10991, 0.0825446, 0, 0, 0.666923, 0.745127
-0.109411, 0.0870375, 0, 0, 0.667768, 0.74437
-0.108936, 0.0914042, 0, 0, 0.668222, 0.743962
-0.108448, 0.0959412, 0, 0, 0.668547, 0.74367
-0.107941, 0.100691, 0, 0, 0.669001, 0.743262
-0.107431, 0.105525, 0, 0, 0.669649, 0.742678
-0.107128, 0.108452, 0, 0, 0.669779, 0.742561
-0.106839, 0.111252, 0, 0, 0.669844, 0.742502
-0.106554, 0.114009, 0, 0, 0.670038, 0.742327
-0.106236, 0.117106, 0, 0, 0.670621, 0.7418
-0.105919, 0.120246, 0, 0, 0.670944, 0.741508
-0.105783, 0.121604, 0, 0, 0.671139, 0.741332
-0.105677, 0.122665, 0, 0, 0.671203, 0.741273
-0.105559, 0.123853, 0, 0, 0.671139, 0.741332
-0.105415, 0.125296, 0, 0, 0.671656, 0.740863
-0.105286, 0.126612, 0, 0, 0.672431, 0.740159
-0.105331, 0.126145, 0, 0, 0.673077, 0.739572
-0.105327, 0.126187, 0, 0, 0.673529, 0.739161
-0.105331, 0.126145, 0, 0, 0.674109, 0.738632
-0.105323, 0.12623, 0, 0, 0.675526, 0.737336
-0.10532, 0.126272, 0, 0, 0.676169, 0.736747
-0.105469, 0.12453, 0, 0, 0.676362, 0.736569
-0.105632, 0.122618, 0, 0, 0.676298, 0.736628
-0.105796, 0.120706, 0, 0, 0.676362, 0.736569
-0.105912, 0.119346, 0, 0, 0.67694, 0.736038
-0.106005, 0.118241, 0, 0, 0.677004, 0.735979
-0.1063, 0.114714, 0, 0, 0.676747, 0.736215
-0.106597, 0.111187, 0, 0, 0.676362, 0.736569
-0.106895, 0.107702, 0, 0, 0.676298, 0.736628
-0.107156, 0.104643, 0, 0, 0.67739, 0.735624
-0.107398, 0.10171, 0, 0, 0.678031, 0.735033
-0.10779, 0.0968646, 0, 0, 0.67848, 0.734619
-0.108182, 0.0919333, 0, 0, 0.678801, 0.734323
-0.108567, 0.0870441, 0, 0, 0.679505, 0.733671
-0.108907, 0.0826219, 0, 0, 0.680209, 0.733018
-0.109235, 0.0782416, 0, 0, 0.680785, 0.732483
-0.109683, 0.072117, 0, 0, 0.681168, 0.732127
-0.110113, 0.0661621, 0, 0, 0.681488, 0.73183
-0.11055, 0.0600366, 0, 0, 0.681871, 0.731473
-0.110945, 0.0544212, 0, 0, 0.68219, 0.731175
-0.111332, 0.048848, 0, 0, 0.682636, 0.730758
-0.111799, 0.0419979, 0, 0, 0.682955, 0.73046
-0.112274, 0.0349346, 0, 0, 0.68321, 0.730222
-0.112753, 0.0277433, 0, 0, 0.68372, 0.729745
-0.113197, 0.0209344, 0, 0, 0.684102, 0.729387
-0.113625, 0.0142527, 0, 0, 0.684483, 0.729028
-0.114093, 0.00684703, 0, 0, 0.684929, 0.72861
-0.114574, -0.000942302, 0, 0, 0.685437, 0.728132
-0.115056, -0.00890258, 0, 0, 0.686072, 0.727533
-0.115506, -0.0165657, 0, 0, 0.68658, 0.727054
-0.115928, -0.0239313, 0, 0, 0.687278, 0.726395
-0.116364, -0.0318088, 0, 0, 0.687911, 0.725795
-0.116789, -0.0397296, 0, 0, 0.688481, 0.725254
-0.117221, -0.0480343, 0, 0, 0.689114, 0.724653
-0.11763, -0.0561694, 0, 0, 0.68943, 0.724352
-0.118011, -0.0638789, 0, 0, 0.689809, 0.723991
-0.118397, -0.0718444, 0, 0, 0.690251, 0.72357
-0.118785, -0.080066, 0, 0, 0.690945, 0.722907
-0.119157, -0.0882883, 0, 0, 0.69145, 0.722424
-0.119515, -0.0964684, 0, 0, 0.692017, 0.721881
-0.11985, -0.104394, 0, 0, 0.692584, 0.721337
-0.12016, -0.112021, 0, 0, 0.693087, 0.720854
-0.120468, -0.119862, 0, 0, 0.693779, 0.720188
-0.120761, -0.127703, 0, 0, 0.694219, 0.719764
-0.121046, -0.135587, 0, 0, 0.694596, 0.7194
-0.121326, -0.143557, 0, 0, 0.694972, 0.719037
-0.121582, -0.151059, 0, 0, 0.695411, 0.718612
-0.121831, -0.158646, 0, 0, 0.696163, 0.717883
-0.122065, -0.166276, 0, 0, 0.696414, 0.71764
-0.122292, -0.173821, 0, 0, 0.696414, 0.71764
-0.122512, -0.181152, 0, 0, 0.696602, 0.717458
-0.12271, -0.187888, 0, 0, 0.696727, 0.717336
-0.122898, -0.194324, 0, 0, 0.696977, 0.717093
-0.123083, -0.200804, 0, 0, 0.697165, 0.716911
-0.123272, -0.207582, 0, 0, 0.69754, 0.716545
-0.123456, -0.214446, 0, 0, 0.697915, 0.71618
-0.123606, -0.220244, 0, 0, 0.69804, 0.716058
-0.123742, -0.225573, 0, 0, 0.698165, 0.715936
-0.123875, -0.230859, 0, 0, 0.698603, 0.71551
-0.124006, -0.236359, 0, 0, 0.699164, 0.714961
-0.124133, -0.242029, 0, 0, 0.699601, 0.714534
-0.124222, -0.24625, 0, 0, 0.699913, 0.714228
-0.124304, -0.250301, 0, 0, 0.700037, 0.714106
-0.124384, -0.254309, 0, 0, 0.700287, 0.713862
-0.124468, -0.258658, 0, 0, 0.70066, 0.713495
-0.124548, -0.263092, 0, 0, 0.700909, 0.71325
-0.124586, -0.265267, 0, 0, 0.700972, 0.713189
-0.12462, -0.267228, 0, 0, 0.701034, 0.713128
-0.124659, -0.269531, 0, 0, 0.701283, 0.712883
-0.124708, -0.272473, 0, 0, 0.70178, 0.712394
-0.124752, -0.275458, 0, 0, 0.702091, 0.712087
-0.124764, -0.276311, 0, 0, 0.702029, 0.712149
-0.124768, -0.276524, 0, 0, 0.702091, 0.712087
-0.124777, -0.277164, 0, 0, 0.702588, 0.711597
-0.124796, -0.278699, 0, 0, 0.703395, 0.710799
-0.124812, -0.280191, 0, 0, 0.704015, 0.710185
-0.124801, -0.278912, 0, 0, 0.704263, 0.70994
-0.124792, -0.277888, 0, 0, 0.704201, 0.710001
-0.124788, -0.277377, 0, 0, 0.704386, 0.709817
-0.124789, -0.277462, 0, 0, 0.704882, 0.709325
-0.124788, -0.277291, 0, 0, 0.705253, 0.708956
-0.124773, -0.274562, 0, 0, 0.705129, 0.709079
-0.124759, -0.271961, 0, 0, 0.705191, 0.709017
-0.124747, -0.269786, 0, 0, 0.705377, 0.708832
-0.124741, -0.268592, 0, 0, 0.705686, 0.708525
-0.124735, -0.267142, 0, 0, 0.706181, 0.708032
-0.124724, -0.262749, 0, 0, 0.706428, 0.707785
-0.124716, -0.258399, 0, 0, 0.706489, 0.707724
-0.124709, -0.254476, 0, 0, 0.706489, 0.707724
-0.124703, -0.251235, 0, 0, 0.706613, 0.7076
-0.124699, -0.248335, 0, 0, 0.706922, 0.707292
-0.124696, -0.243089, 0, 0, 0.70686, 0.707354
-0.124692, -0.237375, 0, 0, 0.706798, 0.707415
-0.124688, -0.231831, 0, 0, 0.706922, 0.707292
-0.124685, -0.227268, 0, 0, 0.707354, 0.70686
-0.124688, -0.222918, 0, 0, 0.707847, 0.706366
-0.124701, -0.216564, 0, 0, 0.70797, 0.706242
-0.124718, -0.20974, 0, 0, 0.708093, 0.706119
-0.124737, -0.20313, 0, 0, 0.708217, 0.705995
-0.124755, -0.197373, 0, 0, 0.708648, 0.705562
-0.124779, -0.191744, 0, 0, 0.708894, 0.705315
-0.124816, -0.184409, 0, 0, 0.709079, 0.705129
-0.124859, -0.176775, 0, 0, 0.70914, 0.705068
-0.124902, -0.169398, 0, 0, 0.70914, 0.705068
-0.12494, -0.16266, 0, 0, 0.709694, 0.70451
-0.124989, -0.155964, 0, 0, 0.710062, 0.704139
-0.125057, -0.147905, 0, 0, 0.710308, 0.703891
-0.125129, -0.13993, 0, 0, 0.710431, 0.703767
-0.125203, -0.132084, 0, 0, 0.710615, 0.703581
-0.12528, -0.124408, 0, 0, 0.711474, 0.702712
-0.125373, -0.11686, 0, 0, 0.712026, 0.702153
-0.125487, -0.108673, 0, 0, 0.712455, 0.701718
-0.125614, -0.100358, 0, 0, 0.712822, 0.701345
-0.125749, -0.0920428, 0, 0, 0.713189, 0.700972
-0.125887, -0.0840265, 0, 0, 0.713862, 0.700287
-0.126038, -0.0761811, 0, 0, 0.714289, 0.69985
-0.1262, -0.0682506, 0, 0, 0.714595, 0.699539
-0.126374, -0.0600644, 0, 0, 0.714839, 0.699289
-0.126558, -0.0517078, 0, 0, 0.715144, 0.698977
-0.126748, -0.043394, 0, 0, 0.715997, 0.698103
-0.126948, -0.035507, 0, 0, 0.716728, 0.697353
-0.127156, -0.0279188, 0, 0, 0.717397, 0.696664
-0.12738, -0.0202885, 0, 0, 0.717944, 0.696101
-0.127628, -0.0122322, 0, 0, 0.71843, 0.695599
-0.127883, -0.0043468, 0, 0, 0.718612, 0.695411
-0.128132, 0.00324011, 0, 0, 0.718673, 0.695349
-0.128363, 0.0102303, 0, 0, 0.718915, 0.695098
-0.128597, 0.0171776, 0, 0, 0.719461, 0.694533
-0.128856, 0.0245082, 0, 0, 0.720551, 0.693402
-0.12914, 0.0319231, 0, 0, 0.721398, 0.692521
-0.129429, 0.0389965, 0, 0, 0.722304, 0.691576
-0.129702, 0.0452595, 0, 0, 0.723269, 0.690567
-0.129982, 0.0513088, 0, 0, 0.724112, 0.689683
-0.130289, 0.0576129, 0, 0, 0.725134, 0.688608
-0.130617, 0.0639587, 0, 0, 0.725795, 0.687911
-0.130946, 0.0700909, 0, 0, 0.726455, 0.687214
-0.131228, 0.075158, 0, 0, 0.727174, 0.686453
-0.131498, 0.0798413, 0, 0, 0.727773, 0.685818
-0.131788, 0.0847369, 0, 0, 0.728849, 0.684674
-0.132119, 0.0900147, 0, 0, 0.729804, 0.683656
-0.132458, 0.0952064, 0, 0, 0.730877, 0.682509
-0.132703, 0.0987803, 0, 0, 0.73177, 0.681551
-0.132972, 0.102566, 0, 0, 0.732365, 0.680913
-0.133251, 0.106394, 0, 0, 0.732483, 0.680785
-0.133526, 0.110137, 0, 0, 0.732662, 0.680593
-0.133808, 0.113965, 0, 0, 0.732959, 0.680273
-0.133973, 0.116176, 0, 0, 0.733018, 0.680209
-0.134097, 0.117835, 0, 0, 0.733137, 0.680081
-0.134222, 0.119493, 0, 0, 0.733493, 0.679697
-0.1344, 0.121832, 0, 0, 0.733967, 0.679185
-0.134588, 0.124256, 0, 0, 0.734323, 0.678801
-0.134619, 0.124638, 0, 0, 0.7345, 0.678608
-0.134635, 0.124851, 0, 0, 0.734441, 0.678673
-0.134656, 0.125106, 0, 0, 0.734559, 0.678544
-0.13471, 0.125786, 0, 0, 0.735151, 0.677903
-0.134751, 0.126296, 0, 0, 0.735979, 0.677004
-0.134623, 0.124766, 0, 0, 0.736628, 0.676298
-0.13455, 0.123916, 0, 0, 0.737277, 0.67559
-0.134472, 0.123024, 0, 0, 0.73769, 0.67514
-0.134412, 0.122345, 0, 0, 0.73822, 0.67456
-0.134351, 0.121665, 0, 0, 0.738573, 0.674173
-0.134095, 0.118862, 0, 0, 0.738632, 0.674109
-0.133838, 0.116059, 0, 0, 0.738514, 0.674238
-0.133582, 0.113256, 0, 0, 0.738749, 0.67398
-0.133364, 0.110878, 0, 0, 0.739043, 0.673658
-0.133155, 0.108627, 0, 0, 0.739337, 0.673335
-0.132761, 0.104424, 0, 0, 0.739396, 0.673271
-0.132367, 0.10022, 0, 0, 0.739514, 0.673142
-0.131955, 0.0958471, 0, 0, 0.739983, 0.672625
-0.131586, 0.0919839, 0, 0, 0.740687, 0.67185
-0.131213, 0.088164, 0, 0, 0.741273, 0.671203
-0.130656, 0.0825623, 0, 0, 0.741976, 0.670427
-0.1301, 0.0770892, 0, 0, 0.742327, 0.670038
-0.129521, 0.0714469, 0, 0, 0.742678, 0.669649
-0.129006, 0.0664839, 0, 0, 0.74297, 0.669325
-0.128487, 0.0615214, 0, 0, 0.74332, 0.668936
-0.127793, 0.0549478, 0, 0, 0.743787, 0.668417
-0.127062, 0.0481208, 0, 0, 0.744137, 0.668027
-0.12631, 0.0411674, 0, 0, 0.744486, 0.667638
-0.125611, 0.0347658, 0, 0, 0.744778, 0.667313
-0.124935, 0.0286193, 0, 0, 0.745127, 0.666923
-0.12412, 0.0212866, 0, 0, 0.745534, 0.666467
-0.123292, 0.0139126, 0, 0, 0.745767, 0.666207
-0.122449, 0.0064544, 0, 0, 0.746057, 0.665882
-0.121613, -0.000875938, 0, 0, 0.746464, 0.665426
-0.120798, -0.00795106, 0, 0, 0.746986, 0.664839
-0.119893, -0.0157026, 0, 0, 0.747218, 0.664579
-0.118953, -0.0237077, 0, 0, 0.747508, 0.664252
-0.118006, -0.0317119, 0, 0, 0.747856, 0.663861
-0.11708, -0.0394611, 0, 0, 0.748261, 0.663404
-0.116145, -0.0472091, 0, 0, 0.749014, 0.662555
-0.115162, -0.055209, 0, 0, 0.749418, 0.662097
-0.114163, -0.0632499, 0, 0, 0.749765, 0.661705
-0.11314, -0.0714168, 0, 0, 0.750111, 0.661312
-0.112108, -0.0795826, 0, 0, 0.750515, 0.660854
-0.111099, -0.0874933, 0, 0, 0.751034, 0.660264
-0.110089, -0.0953178, 0, 0, 0.751552, 0.659674
-0.109054, -0.103225, 0, 0, 0.752127, 0.659018
-0.108018, -0.111046, 0, 0, 0.752645, 0.658427
-0.106952, -0.118993, 0, 0, 0.753047, 0.657967
-0.105882, -0.126895, 0, 0, 0.753735, 0.657178
-0.104848, -0.134416, 0, 0, 0.754079, 0.656783
-0.103829, -0.141766, 0, 0, 0.754538, 0.656257
-0.102753, -0.149452, 0, 0, 0.754939, 0.655796
-0.10162, -0.157475, 0, 0, 0.755282, 0.6554
-0.10049, -0.165413, 0, 0, 0.755453, 0.655202
-0.0994709, -0.172548, 0, 0, 0.755625, 0.655005
-0.0984964, -0.179344, 0, 0, 0.755796, 0.654807
-0.0975061, -0.186225, 0, 0, 0.755968, 0.654609
-0.0964879, -0.193273, 0, 0, 0.756367, 0.654147
-0.0954733, -0.200236, 0, 0, 0.756653, 0.653817
-0.0945764, -0.206355, 0, 0, 0.75671, 0.653751
-0.0937651, -0.211882, 0, 0, 0.756824, 0.653619
-0.0929146, -0.217662, 0, 0, 0.756938, 0.653487
-0.0919875, -0.223949, 0, 0, 0.757337, 0.653024
-0.0910652, -0.230149, 0, 0, 0.757565, 0.65276
-0.0903655, -0.234831, 0, 0, 0.757679, 0.652628
-0.0897084, -0.239217, 0, 0, 0.757736, 0.652561
-0.0890442, -0.243646, 0, 0, 0.757907, 0.652363
-0.0882825, -0.248706, 0, 0, 0.758533, 0.651635
-0.0875304, -0.253639, 0, 0, 0.758703, 0.651437
-0.0871433, -0.256168, 0, 0, 0.758646, 0.651503
-0.0867567, -0.258697, 0, 0, 0.75876, 0.65137
-0.0862724, -0.261859, 0, 0, 0.759044, 0.651039
-0.0857008, -0.265568, 0, 0, 0.759612, 0.650377
-0.0851754, -0.268939, 0, 0, 0.759725, 0.650244
-0.0849647, -0.270287, 0, 0, 0.759782, 0.650178
-0.0848, -0.271341, 0, 0, 0.759896, 0.650045
-0.0845952, -0.272647, 0, 0, 0.760463, 0.649382
-0.0842613, -0.274753, 0, 0, 0.761086, 0.648651
-0.0839368, -0.276774, 0, 0, 0.761425, 0.648253
-0.0839708, -0.276563, 0, 0, 0.761538, 0.64812
-0.0840322, -0.276185, 0, 0, 0.761595, 0.648053
-0.0840254, -0.276227, 0, 0, 0.761934, 0.647655
-0.0839567, -0.276648, 0, 0, 0.762781, 0.646657
-0.0839008, -0.276984, 0, 0, 0.763402, 0.645924
-0.0842397, -0.274965, 0, 0, 0.763571, 0.645724
-0.0845585, -0.273073, 0, 0, 0.763458, 0.645858
-0.0847988, -0.271643, 0, 0, 0.763683, 0.645591
-0.0849123, -0.27097, 0, 0, 0.76419, 0.644991
-0.0850628, -0.270087, 0, 0, 0.764359, 0.644791
-0.0856879, -0.26643, 0, 0, 0.76419, 0.644991
-0.0862825, -0.262941, 0, 0, 0.764078, 0.645124
-0.0868186, -0.259788, 0, 0, 0.764359, 0.644791
-0.0872282, -0.257392, 0, 0, 0.764921, 0.644124
-0.0876274, -0.25508, 0, 0, 0.765259, 0.643723
-0.0884672, -0.250248, 0, 0, 0.765427, 0.643523
-0.0893315, -0.245291, 0, 0, 0.765708, 0.643189
-0.0901413, -0.24067, 0, 0, 0.766101, 0.642721
-0.0908307, -0.236765, 0, 0, 0.766437, 0.64232
-0.0915092, -0.232944, 0, 0, 0.766717, 0.641985
-0.0925658, -0.227024, 0, 0, 0.767053, 0.641584
-0.0937115, -0.220644, 0, 0, 0.767333, 0.641249
-0.0947718, -0.214768, 0, 0, 0.767389, 0.641182
-0.095674, -0.209774, 0, 0, 0.767613, 0.640914
-0.0965797, -0.204781, 0, 0, 0.767836, 0.640646
-0.0978479, -0.197816, 0, 0, 0.76806, 0.640378
-0.0991823, -0.190517, 0, 0, 0.768228, 0.640177
-0.100459, -0.183554, 0, 0, 0.768619, 0.639707
-0.101597, -0.177389, 0, 0, 0.769177, 0.639036
-0.102723, -0.171352, 0, 0, 0.769567, 0.638566
-0.104162, -0.163682, 0, 0, 0.769678, 0.638432
-0.105699, -0.155509, 0, 0, 0.769734, 0.638365
-0.107143, -0.147839, 0, 0, 0.769957, 0.638096
-0.108473, -0.140799, 0, 0, 0.770458, 0.637491
-0.109782, -0.133929, 0, 0, 0.771014, 0.636819
-0.111305, -0.126014, 0, 0, 0.771347, 0.636415
-0.112901, -0.117766, 0, 0, 0.771458, 0.63628
-0.114475, -0.109644, 0, 0, 0.771625, 0.636078
-0.115956, -0.102025, 0, 0, 0.772013, 0.635607
-0.117438, -0.0944493, 0, 0, 0.772512, 0.635
-0.11904, -0.0863324, 0, 0, 0.773232, 0.634123
-0.120701, -0.07801, 0, 0, 0.773619, 0.633651
-0.122322, -0.0699406, 0, 0, 0.774061, 0.633111
-0.123887, -0.0622078, 0, 0, 0.774448, 0.632638
-0.12547, -0.0544352, 0, 0, 0.774889, 0.632097
-0.127072, -0.046623, 0, 0, 0.775386, 0.631488
-0.128695, -0.0387715, 0, 0, 0.775606, 0.631217
-0.13035, -0.0307959, 0, 0, 0.775936, 0.630811
-0.131969, -0.0230308, 0, 0, 0.776322, 0.630337
-0.133598, -0.0152677, 0, 0, 0.776816, 0.629727
-0.13516, -0.00788269, 0, 0, 0.777805, 0.628506
-0.136691, -0.000752761, 0, 0, 0.778462, 0.627691
-0.138282, 0.00658232, 0, 0, 0.77901, 0.627012
-0.139895, 0.0139563, 0, 0, 0.779557, 0.626332
-0.141485, 0.0211608, 0, 0, 0.779939, 0.625855
-0.142907, 0.0275724, 0, 0, 0.78054, 0.625106
-0.144286, 0.0337315, 0, 0, 0.78103, 0.624493
-0.14575, 0.0402213, 0, 0, 0.781575, 0.623811
-0.147282, 0.046958, 0, 0, 0.782282, 0.622924
-0.148743, 0.0533171, 0, 0, 0.783043, 0.621968
-0.150036, 0.0588835, 0, 0, 0.784127, 0.620601
-0.15127, 0.0641132, 0, 0, 0.784776, 0.619779
-0.152535, 0.0694233, 0, 0, 0.785425, 0.618957
-0.153861, 0.074938, 0, 0, 0.786127, 0.618065
-0.15518, 0.0803668, 0, 0, 0.787097, 0.61683
-0.156209, 0.0845492, 0, 0, 0.787635, 0.616143
-0.157257, 0.0887712, 0, 0, 0.788172, 0.615455
-0.158332, 0.0930741, 0, 0, 0.788601, 0.614905
-0.159413, 0.0973754, 0, 0, 0.789084, 0.614285
-0.160543, 0.10184, 0, 0, 0.78962, 0.613596
-0.161227, 0.104527, 0, 0, 0.78978, 0.61339
-0.161829, 0.106882, 0, 0, 0.789995, 0.613114
-0.162411, 0.109154, 0, 0, 0.790262, 0.612769
-0.163133, 0.111963, 0, 0, 0.790636, 0.612286
-0.163902, 0.114935, 0, 0, 0.791224, 0.611527
-0.164181, 0.116008, 0, 0, 0.791384, 0.61132
-0.164397, 0.116834, 0, 0, 0.791384, 0.61132
-0.164612, 0.117659, 0, 0, 0.791437, 0.611251
-0.164881, 0.11869, 0, 0, 0.79197, 0.61056
-0.16512, 0.119598, 0, 0, 0.793672, 0.608346
-0.164888, 0.118733, 0, 0, 0.794838, 0.606821
-0.164786, 0.118363, 0, 0, 0.795632, 0.60578
-0.16473, 0.118157, 0, 0, 0.796213, 0.605016
-0.164718, 0.118116, 0, 0, 0.796846, 0.604182
-0.164672, 0.117952, 0, 0, 0.796899, 0.604112
-0.164108, 0.11594, 0, 0, 0.796846, 0.604182
-0.163544, 0.113928, 0, 0, 0.796794, 0.604252
-0.162945, 0.111792, 0, 0, 0.797005, 0.603973
-0.162519, 0.110273, 0, 0, 0.797426, 0.603417
-0.162125, 0.108878, 0, 0, 0.797637, 0.603138
-0.161125, 0.105349, 0, 0, 0.797794, 0.60293
-0.160089, 0.101698, 0, 0, 0.797847, 0.60286
-0.15903, 0.0979644, 0, 0, 0.797847, 0.60286
-0.158086, 0.0946414, 0, 0, 0.79811, 0.602512
-0.157222, 0.0916064, 0, 0, 0.798373, 0.602163
-0.155839, 0.0867679, 0, 0, 0.798478, 0.602024
-0.154466, 0.0819708, 0, 0, 0.79853, 0.601954
-0.153092, 0.0771741, 0, 0, 0.798583, 0.601885
-0.1518, 0.0726645, 0, 0, 0.799055, 0.601257
-0.15056, 0.0683618, 0, 0, 0.799318, 0.600909
-0.148842, 0.0624216, 0, 0, 0.799527, 0.60063
-0.147084, 0.0563597, 0, 0, 0.799789, 0.600281
-0.145273, 0.0501355, 0, 0, 0.800208, 0.599722
-0.143574, 0.0443232, 0, 0, 0.800731, 0.599024
-0.141972, 0.038882, 0, 0, 0.800993, 0.598674
-0.140052, 0.0323788, 0, 0, 0.801254, 0.598325
-0.137993, 0.0254276, 0, 0, 0.801463, 0.598045
-0.135832, 0.0181507, 0, 0, 0.801776, 0.597625
-0.133822, 0.0114073, 0, 0, 0.802088, 0.597205
-0.131878, 0.00491125, 0, 0, 0.802453, 0.596715
-0.129717, -0.00227675, 0, 0, 0.80287, 0.596155
-0.127473, -0.00970667, 0, 0, 0.803182, 0.595734
-0.125134, -0.0174199, 0, 0, 0.803649, 0.595103
-0.122845, -0.0249255, 0, 0, 0.803961, 0.594682
-0.120648, -0.0321025, 0, 0, 0.804427, 0.594051
-0.118339, -0.0396021, 0, 0, 0.804842, 0.593489
-0.115919, -0.0474243, 0, 0, 0.805308, 0.592857
-0.113449, -0.055365, 0, 0, 0.806083, 0.591802
-0.111035, -0.063055, 0, 0, 0.806548, 0.591169
-0.108647, -0.0706192, 0, 0, 0.807012, 0.590535
-0.106286, -0.0780577, 0, 0, 0.807424, 0.589972
-0.103849, -0.0856961, 0, 0, 0.807836, 0.589408
-0.101337, -0.093534, 0, 0, 0.808298, 0.588773
-0.0988001, -0.101409, 0, 0, 0.808709, 0.588209
-0.09637, -0.108915, 0, 0, 0.80912, 0.587644
-0.0940217, -0.116133, 0, 0, 0.80953, 0.587079
-0.0916104, -0.123511, 0, 0, 0.810349, 0.585948
-0.0890849, -0.131165, 0, 0, 0.81086, 0.585241
-0.0864923, -0.138977, 0, 0, 0.811217, 0.584745
-0.0839981, -0.146462, 0, 0, 0.811421, 0.584462
-0.0816743, -0.153419, 0, 0, 0.811421, 0.584462
-0.079364, -0.160336, 0, 0, 0.811523, 0.58432
-0.0769836, -0.167454, 0, 0, 0.811625, 0.584179
-0.0746008, -0.174571, 0, 0, 0.811778, 0.583966
-0.0723091, -0.181405, 0, 0, 0.811931, 0.583754
-0.0702991, -0.187388, 0, 0, 0.812084, 0.583541
-0.0683948, -0.193046, 0, 0, 0.812338, 0.583187
-0.0663355, -0.199148, 0, 0, 0.812592, 0.582832
-0.0641342, -0.205651, 0, 0, 0.812898, 0.582407
-0.0620495, -0.211789, 0, 0, 0.813101, 0.582123
-0.0603728, -0.216714, 0, 0, 0.813253, 0.58191
-0.0587348, -0.221517, 0, 0, 0.813405, 0.581697
-0.0570529, -0.226441, 0, 0, 0.813608, 0.581413
-0.055271, -0.231646, 0, 0, 0.813913, 0.580987
-0.0534974, -0.236808, 0, 0, 0.814166, 0.580632
-0.0523305, -0.240195, 0, 0, 0.814268, 0.58049
-0.0511625, -0.243582, 0, 0, 0.814369, 0.580348
-0.0499237, -0.247169, 0, 0, 0.814622, 0.579992
-0.0485003, -0.25128, 0, 0, 0.815027, 0.579423
-0.0471132, -0.255267, 0, 0, 0.815128, 0.579281
-0.0465382, -0.256918, 0, 0, 0.815178, 0.57921
-0.0460471, -0.258328, 0, 0, 0.81538, 0.578925
-0.0453441, -0.260341, 0, 0, 0.815734, 0.578427
-0.0444129, -0.262997, 0, 0, 0.816087, 0.577929
-0.0435068, -0.265572, 0, 0, 0.816238, 0.577715
-0.0433224, -0.266095, 0, 0, 0.816339, 0.577573
-0.0432798, -0.266215, 0, 0, 0.81649, 0.577359
-0.0431377, -0.266617, 0, 0, 0.816692, 0.577074
-0.0427389, -0.267743, 0, 0, 0.816944, 0.576718
-0.0423106, -0.268948, 0, 0, 0.817145, 0.576432
-0.042754, -0.267703, 0, 0, 0.817396, 0.576076
-0.0431699, -0.266538, 0, 0, 0.817497, 0.575933
-0.0435144, -0.265574, 0, 0, 0.817798, 0.575505
-0.0435576, -0.265454, 0, 0, 0.8182, 0.574934
-0.0435721, -0.265414, 0, 0, 0.81835, 0.57472
-0.0435576, -0.265454, 0, 0, 0.81835, 0.57472
-0.0436155, -0.265294, 0, 0, 0.81825, 0.574862
-0.04363, -0.265253, 0, 0, 0.8183, 0.574791
-0.04363, -0.265253, 0, 0, 0.818551, 0.574434
-0.04363, -0.265253, 0, 0, 0.819052, 0.573719
-0.04363, -0.265253, 0, 0, 0.819252, 0.573433
-0.04363, -0.265253, 0, 0, 0.819302, 0.573362
-0.04363, -0.265253, 0, 0, 0.819252, 0.573433
-0.04363, -0.265253, 0, 0, 0.819152, 0.573576
-0.04363, -0.265253, 0, 0, 0.818852, 0.574005
-0.04363, -0.265253, 0, 0, 0.818601, 0.574363
-0.04363, -0.265253, 0, 0, 0.818451, 0.574577
-0.04363, -0.265253, 0, 0, 0.81835, 0.57472
-0.04363, -0.265253, 0, 0, 0.818451, 0.574577
-0.04363, -0.265253, 0, 0, 0.818852, 0.574005
-0.04363, -0.265253, 0, 0, 0.819152, 0.573576
-0.04363, -0.265253, 0, 0, 0.819202, 0.573505
-0.04363, -0.265253, 0, 0, 0.819202, 0.573505
-0.04363, -0.265253, 0, 0, 0.819102, 0.573648
-0.04363, -0.265253, 0, 0, 0.818852, 0.574005
-0.04363, -0.265253, 0, 0, 0.818751, 0.574148
-0.04363, -0.265253, 0, 0, 0.818701, 0.57422
-0.0436154, -0.265294, 0, 0, 0.818701, 0.57422
-0.0435138, -0.265574, 0, 0, 0.818701, 0.57422
-0.0434557, -0.265735, 0, 0, 0.818551, 0.574434
-0.0434412, -0.265775, 0, 0, 0.818451, 0.574577
-0.0434412, -0.265775, 0, 0, 0.818451, 0.574577
-0.0434412, -0.265775, 0, 0, 0.818451, 0.574577
-0.0434557, -0.265735, 0, 0, 0.81835, 0.57472
-0.0434846, -0.265654, 0, 0, 0.8183, 0.574791
-0.0434846, -0.265654, 0, 0, 0.8183, 0.574791
-0.0434846, -0.265654, 0, 0, 0.818401, 0.574648
-0.0434846, -0.265654, 0, 0, 0.818551, 0.574434
-0.0434846, -0.265654, 0, 0, 0.818651, 0.574291
-0.0434846, -0.265654, 0, 0, 0.818551, 0.574434
-0.0434846, -0.265654, 0, 0, 0.818451, 0.574577
-0.0434846, -0.265654, 0, 0, 0.818451, 0.574577
-0.0434846, -0.265654, 0, 0, 0.818451, 0.574577
-0.0434846, -0.265654, 0, 0, 0.818451, 0.574577
-0.0434846, -0.265654, 0, 0, 0.818451, 0.574577
-0.0434846, -0.265654, 0, 0, 0.818451, 0.574577
-0.0434846, -0.265654, 0, 0, 0.818501, 0.574505
-0.0434846, -0.265654, 0, 0, 0.818551, 0.574434
-0.0434846, -0.265654, 0, 0, 0.818601, 0.574363
-0.0434846, -0.265654, 0, 0, 0.818601, 0.574363
-0.0434846, -0.265654, 0, 0, 0.818551, 0.574434
-0.0434846, -0.265654, 0, 0, 0.818501, 0.574505
-0.0434846, -0.265654, 0, 0, 0.818501, 0.574505
-0.0434846, -0.265654, 0, 0, 0.818501, 0.574505
-0.0434846, -0.265654, 0, 0, 0.818501, 0.574505
-0.0434846, -0.265654, 0, 0, 0.818501, 0.574505
-0.0434846, -0.265654, 0, 0, 0.818501, 0.574505
-0.0434846, -0.265654, 0, 0, 0.818501, 0.574505
-0.0434846, -0.265654, 0, 0, 0.818501, 0.574505
-0.0434846, -0.265654, 0, 0, 0.818501, 0.574505
-0.0434846, -0.265654, 0, 0, 0.818501, 0.574505
-0.0434846, -0.265654, 0, 0, 0.818501, 0.574505
-0.0434846, -0.265654, 0, 0, 0.818501, 0.574505
-0.0434846, -0.265654, 0, 0, 0.818501, 0.574505
-0.0434846, -0.265654, 0, 0, 0.818501, 0.574505
-0.0434846, -0.265654, 0, 0, 0.818501, 0.574505
-0.0434846, -0.265654, 0, 0, 0.818501, 0.574505
-0.0434846, -0.265654, 0, 0, 0.818501, 0.574505
-0.0434846, -0.265654, 0, 0, 0.818501, 0.574505
-0.0434846, -0.265654, 0, 0, 0.818501, 0.574505
-0.0434846, -0.265654, 0, 0, 0.818501, 0.574505
-0.0434846, -0.265654, 0, 0, 0.818501, 0.574505
-0.0434846, -0.265654, 0, 0, 0.818501, 0.574505
-0.0434846, -0.265654, 0, 0, 0.818501, 0.574505
-0.0434846, -0.265654, 0, 0, 0.818501, 0.574505
-0.0434846, -0.265654, 0, 0, 0.818501, 0.574505
-0.0434846, -0.265654, 0, 0, 0.818501, 0.574505
-0.0434846, -0.265654, 0, 0, 0.818501, 0.574505
-0.0434846, -0.265654, 0, 0, 0.818501, 0.574505
-0.0434846, -0.265654, 0, 0, 0.818501, 0.574505
-0.0434846, -0.265654, 0, 0, 0.818501, 0.574505
-0.0434846, -0.265654, 0, 0, 0.818501, 0.574505
-0.0434846, -0.265654, 0, 0, 0.818501, 0.574505
-0.0434846, -0.265654, 0, 0, 0.818501, 0.574505
-0.0434846, -0.265654, 0, 0, 0.818501, 0.574505
-0.0434846, -0.265654, 0, 0, 0.818501, 0.574505
-0.0434846, -0.265654, 0, 0, 0.818501, 0.574505
-0.0434846, -0.265654, 0, 0, 0.818501, 0.574505
-0.0434846, -0.265654, 0, 0, 0.818501, 0.574505
-0.0434846, -0.265654, 0, 0, 0.818501, 0.574505
-0.0434846, -0.265654, 0, 0, 0.818501, 0.574505
-0.0434846, -0.265654, 0, 0, 0.818501, 0.574505
-0.0434846, -0.265654, 0, 0, 0.818501, 0.574505
-0.0434846, -0.265654, 0, 0, 0.818501, 0.574505
-0.0434846, -0.265654, 0, 0, 0.818501, 0.574505
-0.0434846, -0.265654, 0, 0, 0.818501, 0.574505
-0.0434846, -0.265654, 0, 0, 0.818501, 0.574505
-0.0434846, -0.265654, 0, 0, 0.818501, 0.574505
-0.0434846, -0.265654, 0, 0, 0.818501, 0.574505
-0.0434846, -0.265654, 0, 0, 0.818501, 0.574505
-0.0434846, -0.265654, 0, 0, 0.818501, 0.574505
-0.0434846, -0.265654, 0, 0, 0.818501, 0.574505
-0.0434846, -0.265654, 0, 0, 0.818501, 0.574505
-0.0434846, -0.265654, 0, 0, 0.818501, 0.574505
-0.0434846, -0.265654, 0, 0, 0.818501, 0.574505
-0.0434846, -0.265654, 0, 0, 0.818501, 0.574505
-0.0434846, -0.265654, 0, 0, 0.818501, 0.574505
-0.0434846, -0.265654, 0, 0, 0.818501, 0.574505
-0.0434846, -0.265654, 0, 0, 0.818501, 0.574505
-0.0434846, -0.265654, 0, 0, 0.818501, 0.574505
-0.0434846, -0.265654, 0, 0, 0.818501, 0.574505
-0.0434846, -0.265654, 0, 0, 0.818501, 0.574505
-0.0434846, -0.265654, 0, 0, 0.818501, 0.574505
-0.0434846, -0.265654, 0, 0, 0.818501, 0.574505
-0.0434846, -0.265654, 0, 0, 0.818501, 0.574505
-0.0434846, -0.265654, 0, 0, 0.818501, 0.574505
-0.0434846, -0.265654, 0, 0, 0.818501, 0.574505
-0.0434846, -0.265654, 0, 0, 0.818501, 0.574505
-0.0434846, -0.265654, 0, 0, 0.818501, 0.574505
-0.0434846, -0.265654, 0, 0, 0.818501, 0.574505
-0.0434846, -0.265654, 0, 0, 0.818501, 0.574505
-0.0434846, -0.265654, 0, 0, 0.818501, 0.574505
-0.0434846, -0.265654, 0, 0, 0.818501, 0.574505
-0.0434846, -0.265654, 0, 0, 0.818501, 0.574505
-0.0434846, -0.265654, 0, 0, 0.818501, 0.574505
-0.0434846, -0.265654, 0, 0, 0.818501, 0.574505
-0.0434846, -0.265654, 0, 0, 0.818501, 0.574505
-0.0434846, -0.265654, 0, 0, 0.818501, 0.574505
-0.0434846, -0.265654, 0, 0, 0.818501, 0.574505
-0.0434846, -0.265654, 0, 0, 0.818501, 0.574505
-0.0434846, -0.265654, 0, 0, 0.818501, 0.574505
-0.0434846, -0.265654, 0, 0, 0.818501, 0.574505
-0.0434846, -0.265654, 0, 0, 0.818501, 0.574505
-0.0434846, -0.265654, 0, 0, 0.818501, 0.574505
-0.0434846, -0.265654, 0, 0, 0.818501, 0.574505
-0.0434846, -0.265654, 0, 0, 0.818501, 0.574505
-0.0434846, -0.265654, 0, 0, 0.818501, 0.574505
-0.0434846, -0.265654, 0, 0, 0.818501, 0.574505
-0.0434846, -0.265654, 0, 0, 0.818501, 0.574505
-0.0434846, -0.265654, 0, 0, 0.818501, 0.574505
-0.0434846, -0.265654, 0, 0, 0.818501, 0.574505
-0.0434846, -0.265654, 0, 0, 0.818501, 0.574505
-0.0434846, -0.265654, 0, 0, 0.818501, 0.574505
-0.0434846, -0.265654, 0, 0, 0.818501, 0.574505
-0.0434846, -0.265654, 0, 0, 0.818501, 0.574505
-0.0434846, -0.265654, 0, 0, 0.818501, 0.574505
-0.0434846, -0.265654, 0, 0, 0.818501, 0.574505
-0.0434846, -0.265654, 0, 0, 0.818501, 0.574505
-0.0434846, -0.265654, 0, 0, 0.818501, 0.574505
-0.0434846, -0.265654, 0, 0, 0.818501, 0.574505
-0.0434846, -0.265654, 0, 0, 0.818501, 0.574505
-0.0434846, -0.265654, 0, 0, 0.818501, 0.574505
-0.0434846, -0.265654, 0, 0, 0.818501, 0.574505
-0.0434846, -0.265654, 0, 0, 0.818501, 0.574505
-0.0434846, -0.265654, 0, 0, 0.818501, 0.574505
-0.0434846, -0.265654, 0, 0, 0.818501, 0.574505
-0.0434846, -0.265654, 0, 0, 0.818501, 0.574505
-0.0434846, -0.265654, 0, 0, 0.818501, 0.574505
-0.0434846, -0.265654, 0, 0, 0.818501, 0.574505
-0.0434846, -0.265654, 0, 0, 0.818501, 0.574505
-0.0434846, -0.265654, 0, 0, 0.818501, 0.574505
-0.0434846, -0.265654, 0, 0, 0.818501, 0.574505
-0.0434846, -0.265654, 0, 0, 0.818501, 0.574505
-0.0434846, -0.265654, 0, 0, 0.818501, 0.574505
-0.0434846, -0.265654, 0, 0, 0.818501, 0.574505
-0.0434846, -0.265654, 0, 0, 0.818501, 0.574505
-0.0434846, -0.265654, 0, 0, 0.818501, 0.574505
-0.0434846, -0.265654, 0, 0, 0.818501, 0.574505
-0.0434846, -0.265654, 0, 0, 0.818501, 0.574505
-0.0434846, -0.265654, 0, 0, 0.818501, 0.574505
-0.0434846, -0.265654, 0, 0, 0.818501, 0.574505
-0.0434846, -0.265654, 0, 0, 0.818501, 0.574505
-0.0434846, -0.265654, 0, 0, 0.818501, 0.574505
-0.0434846, -0.265654, 0, 0, 0.818501, 0.574505
-0.0434846, -0.265654, 0, 0, 0.818501, 0.574505
-0.0434846, -0.265654, 0, 0, 0.818501, 0.574505
-0.0434846, -0.265654, 0, 0, 0.818501, 0.574505
-0.0434846, -0.265654, 0, 0, 0.818501, 0.574505
-0.0434846, -0.265654, 0, 0, 0.818501, 0.574505
-0.0434846, -0.265654, 0, 0, 0.818501, 0.574505
-0.0434846, -0.265654, 0, 0, 0.818501, 0.574505
-0.0434846, -0.265654, 0, 0, 0.818501, 0.574505
-0.0434846, -0.265654, 0, 0, 0.818501, 0.574505
-0.0434846, -0.265654, 0, 0, 0.818501, 0.574505
-0.0434846, -0.265654, 0, 0, 0.818501, 0.574505
-0.0434846, -0.265654, 0, 0, 0.818501, 0.574505
-0.0434846, -0.265654, 0, 0, 0.818501, 0.574505
-0.0434846, -0.265654, 0, 0, 0.818501, 0.574505
-0.0434846, -0.265654, 0, 0, 0.818501, 0.574505
-0.0434846, -0.265654, 0, 0, 0.818501, 0.574505
-0.0434846, -0.265654, 0, 0, 0.818501, 0.574505
-0.0434846, -0.265654, 0, 0, 0.818501, 0.574505
-0.0434846, -0.265654, 0, 0, 0.818501, 0.574505
-0.0434846, -0.265654, 0, 0, 0.818501, 0.574505
-0.0434846, -0.265654, 0, 0, 0.818501, 0.574505
-0.0434846, -0.265654, 0, 0, 0.818501, 0.574505
-0.0434846, -0.265654, 0, 0, 0.818501, 0.574505
-0.0434846, -0.265654, 0, 0, 0.818501, 0.574505
-0.0434846, -0.265654, 0, 0, 0.818501, 0.574505
-0.0434846, -0.265654, 0, 0, 0.818501, 0.574505
-0.0434846, -0.265654, 0, 0, 0.818501, 0.574505
-0.0434846, -0.265654, 0, 0, 0.81835, 0.57472
-0.0434846, -0.265654, 0, 0, 0.8183, 0.574791
-0.0434846, -0.265654, 0, 0, 0.81835, 0.57472
-0.0434846, -0.265654, 0, 0, 0.818401, 0.574648
-0.0434846, -0.265654, 0, 0, 0.818451, 0.574577
-0.0434846, -0.265654, 0, 0, 0.818451, 0.574577
-0.0434846, -0.265654, 0, 0, 0.818451, 0.574577
-0.0434846, -0.265654, 0, 0, 0.818451, 0.574577
-0.0434846, -0.265654, 0, 0, 0.818451, 0.574577
-0.0434846, -0.265654, 0, 0, 0.818451, 0.574577
-0.0434846, -0.265654, 0, 0, 0.818451, 0.574577
-0.0434846, -0.265654, 0, 0, 0.818451, 0.574577
-0.0434846, -0.265654, 0, 0, 0.818451, 0.574577
-0.0434846, -0.265654, 0, 0, 0.818451, 0.574577
-0.0434846, -0.265654, 0, 0, 0.818451, 0.574577
-0.0434846, -0.265654, 0, 0, 0.818451, 0.574577
-0.0434846, -0.265654, 0, 0, 0.818451, 0.574577
-0.0434846, -0.265654, 0, 0, 0.818451, 0.574577
-0.0434846, -0.265654, 0, 0, 0.818451, 0.574577
-0.0434846, -0.265654, 0, 0, 0.81835, 0.57472
-0.0434846, -0.265654, 0, 0, 0.81835, 0.57472
-0.0434846, -0.265654, 0, 0, 0.81835, 0.57472
-0.0434846, -0.265654, 0, 0, 0.81835, 0.57472
-0.0434846, -0.265654, 0, 0, 0.81835, 0.57472
-0.0434846, -0.265654, 0, 0, 0.81835, 0.57472
-0.0434846, -0.265654, 0, 0, 0.81835, 0.57472
-0.0434846, -0.265654, 0, 0, 0.81835, 0.57472
-0.0434846, -0.265654, 0, 0, 0.81835, 0.57472
-0.0434846, -0.265654, 0, 0, 0.81835, 0.57472
-0.0434846, -0.265654, 0, 0, 0.81835, 0.57472
-0.0434846, -0.265654, 0, 0, 0.81835, 0.57472
-0.0434846, -0.265654, 0, 0, 0.81835, 0.57472
-0.0434846, -0.265654, 0, 0, 0.8183, 0.574791
-0.0434846, -0.265654, 0, 0, 0.81825, 0.574862
-0.0434846, -0.265654, 0, 0, 0.8183, 0.574791
-0.0434846, -0.265654, 0, 0, 0.81835, 0.57472
-0.0434846, -0.265654, 0, 0, 0.818401, 0.574648
-0.0434846, -0.265654, 0, 0, 0.81835, 0.57472
-0.0434846, -0.265654, 0, 0, 0.8183, 0.574791
-0.0434846, -0.265654, 0, 0, 0.8183, 0.574791
-0.0434846, -0.265654, 0, 0, 0.8183, 0.574791
-0.0434846, -0.265654, 0, 0, 0.8183, 0.574791
-0.0434846, -0.265654, 0, 0, 0.8183, 0.574791
-0.0434846, -0.265654, 0, 0, 0.8183, 0.574791
-0.0434846, -0.265654, 0, 0, 0.81835, 0.57472
-0.0434846, -0.265654, 0, 0, 0.81835, 0.57472
-0.0434846, -0.265654, 0, 0, 0.81835, 0.57472
-0.0434846, -0.265654, 0, 0, 0.8183, 0.574791
-0.0434846, -0.265654, 0, 0, 0.8183, 0.574791
-0.0434846, -0.265654, 0, 0, 0.8183, 0.574791
-0.0434846, -0.265654, 0, 0, 0.8183, 0.574791
-0.0434846, -0.265654, 0, 0, 0.8183, 0.574791
-0.0434846, -0.265654, 0, 0, 0.8183, 0.574791
-0.0434846, -0.265654, 0, 0, 0.8183, 0.574791
-0.0434846, -0.265654, 0, 0, 0.8183, 0.574791
-0.0434846, -0.265654, 0, 0, 0.8183, 0.574791
-0.0434846, -0.265654, 0, 0, 0.8183, 0.574791
-0.0434846, -0.265654, 0, 0, 0.8183, 0.574791
-0.0434846, -0.265654, 0, 0, 0.8183, 0.574791
-0.0434846, -0.265654, 0, 0, 0.8183, 0.574791
-0.0434846, -0.265654, 0, 0, 0.8183, 0.574791
-0.0434846, -0.265654, 0, 0, 0.8183, 0.574791
-0.0434846, -0.265654, 0, 0, 0.8183, 0.574791
-0.0434846, -0.265654, 0, 0, 0.8183, 0.574791
-0.0434846, -0.265654, 0, 0, 0.8183, 0.574791
-0.0434846, -0.265654, 0, 0, 0.8183, 0.574791
-0.0434846, -0.265654, 0, 0, 0.8183, 0.574791
-0.0434846, -0.265654, 0, 0, 0.8183, 0.574791
-0.0434846, -0.265654, 0, 0, 0.8183, 0.574791
-0.0434846, -0.265654, 0, 0, 0.8183, 0.574791
-0.0434846, -0.265654, 0, 0, 0.8183, 0.574791
-0.0434846, -0.265654, 0, 0, 0.8183, 0.574791
-0.0434846, -0.265654, 0, 0, 0.8183, 0.574791
-0.0434846, -0.265654, 0, 0, 0.8183, 0.574791
-0.0434846, -0.265654, 0, 0, 0.8183, 0.574791
-0.0434846, -0.265654, 0, 0, 0.8183, 0.574791
-0.0434846, -0.265654, 0, 0, 0.8183, 0.574791
-0.0434846, -0.265654, 0, 0, 0.8183, 0.574791
-0.0434846, -0.265654, 0, 0, 0.8183, 0.574791
-0.0434846, -0.265654, 0, 0, 0.8183, 0.574791
-0.0434846, -0.265654, 0, 0, 0.8183, 0.574791
-0.0434846, -0.265654, 0, 0, 0.8183, 0.574791
-0.0434846, -0.265654, 0, 0, 0.8183, 0.574791
-0.0434846, -0.265654, 0, 0, 0.8183, 0.574791
-0.0434846, -0.265654, 0, 0, 0.8183, 0.574791
-0.0434846, -0.265654, 0, 0, 0.8183, 0.574791
-0.0434846, -0.265654, 0, 0, 0.8183, 0.574791
-0.0434846, -0.265654, 0, 0, 0.8183, 0.574791
-0.0434846, -0.265654, 0, 0, 0.8183, 0.574791
-0.0434846, -0.265654, 0, 0, 0.8183, 0.574791
-0.0434846, -0.265654, 0, 0, 0.8183, 0.574791
-0.0434846, -0.265654, 0, 0, 0.8183, 0.574791
-0.0434846, -0.265654, 0, 0, 0.8183, 0.574791
-0.0434846, -0.265654, 0, 0, 0.8183, 0.574791
-0.0434846, -0.265654, 0, 0, 0.8183, 0.574791
-0.0434846, -0.265654, 0, 0, 0.8183, 0.574791
-0.0434846, -0.265654, 0, 0, 0.8183, 0.574791
-0.0434846, -0.265654, 0, 0, 0.8183, 0.574791
-0.0434846, -0.265654, 0, 0, 0.8183, 0.574791
-0.0434846, -0.265654, 0, 0, 0.8183, 0.574791
-0.0434846, -0.265654, 0, 0, 0.8183, 0.574791
-0.0434846, -0.265654, 0, 0, 0.8183, 0.574791
-0.0434846, -0.265654, 0, 0, 0.8183, 0.574791
-0.0434846, -0.265654, 0, 0, 0.8183, 0.574791
-0.0434846, -0.265654, 0, 0, 0.8183, 0.574791
-0.0434846, -0.265654, 0, 0, 0.8183, 0.574791
-0.0434846, -0.265654, 0, 0, 0.8183, 0.574791
-0.0434846, -0.265654, 0, 0, 0.8183, 0.574791
-0.0434846, -0.265654, 0, 0, 0.8183, 0.574791
-0.0434846, -0.265654, 0, 0, 0.8183, 0.574791
-0.0434846, -0.265654, 0, 0, 0.8183, 0.574791
-0.0434846, -0.265654, 0, 0, 0.8183, 0.574791
-0.0434846, -0.265654, 0, 0, 0.8183, 0.574791
-0.0434846, -0.265654, 0, 0, 0.8183, 0.574791
-0.0434846, -0.265654, 0, 0, 0.8183, 0.574791
-0.0434846, -0.265654, 0, 0, 0.8183, 0.574791
-0.0434846, -0.265654, 0, 0, 0.8183, 0.574791
-0.0434846, -0.265654, 0, 0, 0.8183, 0.574791
-0.0434846, -0.265654, 0, 0, 0.8183, 0.574791
-0.0434846, -0.265654, 0, 0, 0.8183, 0.574791
-0.0434846, -0.265654, 0, 0, 0.8183, 0.574791
-0.0434846, -0.265654, 0, 0, 0.8183, 0.574791
-0.0434846, -0.265654, 0, 0, 0.8183, 0.574791
-0.0434846, -0.265654, 0, 0, 0.8183, 0.574791
-0.0434846, -0.265654, 0, 0, 0.8183, 0.574791
-0.0434846, -0.265654, 0, 0, 0.8183, 0.574791
-0.0434846, -0.265654, 0, 0, 0.8183, 0.574791
-0.0434846, -0.265654, 0, 0, 0.8183, 0.574791
-0.0434846, -0.265654, 0, 0, 0.8183, 0.574791
-0.0434846, -0.265654, 0, 0, 0.8183, 0.574791
-0.0434846, -0.265654, 0, 0, 0.8183, 0.574791
-0.0434846, -0.265654, 0, 0, 0.8183, 0.574791
-0.0434846, -0.265654, 0, 0, 0.8183, 0.574791
-0.0434846, -0.265654, 0, 0, 0.8183, 0.574791
-0.0434846, -0.265654, 0, 0, 0.8183, 0.574791
-0.0434846, -0.265654, 0, 0, 0.8183, 0.574791
-0.0434846, -0.265654, 0, 0, 0.8183, 0.574791
-0.0434846, -0.265654, 0, 0, 0.8183, 0.574791
-0.0434846, -0.265654, 0, 0, 0.8183, 0.574791
-0.0434846, -0.265654, 0, 0, 0.8183, 0.574791
-0.0434846, -0.265654, 0, 0, 0.8183, 0.574791
-0.0434846, -0.265654, 0, 0, 0.8183, 0.574791
-0.0434846, -0.265654, 0, 0, 0.8183, 0.574791
-0.0434846, -0.265654, 0, 0, 0.8183, 0.574791
-0.0434846, -0.265654, 0, 0, 0.8183, 0.574791
-0.0434846, -0.265654, 0, 0, 0.8183, 0.574791
-0.0434846, -0.265654, 0, 0, 0.8183, 0.574791
-0.0434846, -0.265654, 0, 0, 0.8183, 0.574791
-0.0434846, -0.265654, 0, 0, 0.8183, 0.574791
-0.0434846, -0.265654, 0, 0, 0.8183, 0.574791
-0.0434846, -0.265654, 0, 0, 0.8183, 0.574791
-0.0434846, -0.265654, 0, 0, 0.8183, 0.574791
-0.0434846, -0.265654, 0, 0, 0.8183, 0.574791
-0.0434846, -0.265654, 0, 0, 0.8183, 0.574791
-0.0434846, -0.265654, 0, 0, 0.8183, 0.574791
-0.0434846, -0.265654, 0, 0, 0.8183, 0.574791
-0.0434846, -0.265654, 0, 0, 0.8183, 0.574791
-0.0434846, -0.265654, 0, 0, 0.8183, 0.574791
-0.0434846, -0.265654, 0, 0, 0.8183, 0.574791
-0.0434846, -0.265654, 0, 0, 0.8183, 0.574791
-0.0434846, -0.265654, 0, 0, 0.8183, 0.574791
-0.0434846, -0.265654, 0, 0, 0.8183, 0.574791
-0.0434846, -0.265654, 0, 0, 0.8183, 0.574791
-0.0434846, -0.265654, 0, 0, 0.8183, 0.574791
-0.0434846, -0.265654, 0, 0, 0.8183, 0.574791
-0.0434846, -0.265654, 0, 0, 0.8183, 0.574791
-0.0434846, -0.265654, 0, 0, 0.8183, 0.574791
-0.0434846, -0.265654, 0, 0, 0.8183, 0.574791
-0.0434846, -0.265654, 0, 0, 0.8183, 0.574791
-0.0434846, -0.265654, 0, 0, 0.8183, 0.574791
-0.0434846, -0.265654, 0, 0, 0.8183, 0.574791
-0.0434846, -0.265654, 0, 0, 0.8183, 0.574791
-0.0434846, -0.265654, 0, 0, 0.8183, 0.574791
-0.0434846, -0.265654, 0, 0, 0.8183, 0.574791
-0.0434846, -0.265654, 0, 0, 0.8183, 0.574791
-0.0434846, -0.265654, 0, 0, 0.8183, 0.574791
-0.0434846, -0.265654, 0, 0, 0.8183, 0.574791
-0.0434846, -0.265654, 0, 0, 0.8183, 0.574791
-0.0434846, -0.265654, 0, 0, 0.8183, 0.574791
-0.0434846, -0.265654, 0, 0, 0.8183, 0.574791
-0.0434846, -0.265654, 0, 0, 0.8183, 0.574791
-0.0434846, -0.265654, 0, 0, 0.8183, 0.574791
-0.0434846, -0.265654, 0, 0, 0.8183, 0.574791
-0.0434846, -0.265654, 0, 0, 0.8183, 0.574791
-0.0434846, -0.265654, 0, 0, 0.8183, 0.574791
-0.0434846, -0.265654, 0, 0, 0.8183, 0.574791
-0.0434846, -0.265654, 0, 0, 0.8183, 0.574791
-0.0434846, -0.265654, 0, 0, 0.8183, 0.574791
-0.0434846, -0.265654, 0, 0, 0.8183, 0.574791
-0.0434846, -0.265654, 0, 0, 0.8183, 0.574791
-0.0434846, -0.265654, 0, 0, 0.8183, 0.574791
-0.0434846, -0.265654, 0, 0, 0.8183, 0.574791
-0.0434846, -0.265654, 0, 0, 0.8183, 0.574791
-0.0434846, -0.265654, 0, 0, 0.8183, 0.574791
-0.0434846, -0.265654, 0, 0, 0.8183, 0.574791
-0.0434846, -0.265654, 0, 0, 0.8183, 0.574791
-0.0434846, -0.265654, 0, 0, 0.8183, 0.574791
-0.0434846, -0.265654, 0, 0, 0.8183, 0.574791
-0.0434846, -0.265654, 0, 0, 0.8183, 0.574791
-0.0434846, -0.265654, 0, 0, 0.8183, 0.574791
-0.0434846, -0.265654, 0, 0, 0.8183, 0.574791
-0.0434846, -0.265654, 0, 0, 0.8183, 0.574791
-0.0434846, -0.265654, 0, 0, 0.8183, 0.574791
-0.0434846, -0.265654, 0, 0, 0.8183, 0.574791
-0.0434846, -0.265654, 0, 0, 0.8183, 0.574791
-0.0434846, -0.265654, 0, 0, 0.8183, 0.574791
-0.0434846, -0.265654, 0, 0, 0.8183, 0.574791
-0.0434846, -0.265654, 0, 0, 0.8183, 0.574791
-0.0434846, -0.265654, 0, 0, 0.8183, 0.574791
-0.0434846, -0.265654, 0, 0, 0.8183, 0.574791
-0.0434846, -0.265654, 0, 0, 0.8182, 0.574934
-0.0434846, -0.265654, 0, 0, 0.8182, 0.574934
-0.0434846, -0.265654, 0, 0, 0.8182, 0.574934
-0.0434846, -0.265654, 0, 0, 0.81825, 0.574862
-0.0434846, -0.265654, 0, 0, 0.8183, 0.574791
-0.0434846, -0.265654, 0, 0, 0.8183, 0.574791
-0.0434846, -0.265654, 0, 0, 0.8183, 0.574791
-0.0434846, -0.265654, 0, 0, 0.8183, 0.574791
-0.0434846, -0.265654, 0, 0, 0.8183, 0.574791
-0.0434846, -0.265654, 0, 0, 0.81825, 0.574862
-0.0434846, -0.265654, 0, 0, 0.81825, 0.574862
-0.0434846, -0.265654, 0, 0, 0.81825, 0.574862
-0.0434846, -0.265654, 0, 0, 0.81825, 0.574862
-0.0434846, -0.265654, 0, 0, 0.81825, 0.574862
-0.0434846, -0.265654, 0, 0, 0.81825, 0.574862
-0.0434846, -0.265654, 0, 0, 0.81825, 0.574862
-0.0434846, -0.265654, 0, 0, 0.81825, 0.574862
-0.0434846, -0.265654, 0, 0, 0.81825, 0.574862
-0.0434846, -0.265654, 0, 0, 0.81825, 0.574862
-0.0434846, -0.265654, 0, 0, 0.81825, 0.574862
-0.0434846, -0.265654, 0, 0, 0.81825, 0.574862
-0.0434846, -0.265654, 0, 0, 0.81825, 0.574862
-0.0434846, -0.265654, 0, 0, 0.81825, 0.574862
-0.0434846, -0.265654, 0, 0, 0.81825, 0.574862
-0.0434846, -0.265654, 0, 0, 0.81825, 0.574862
-0.0434846, -0.265654, 0, 0, 0.81825, 0.574862
-0.0434846, -0.265654, 0, 0, 0.81825, 0.574862
-0.0434846, -0.265654, 0, 0, 0.81825, 0.574862
-0.0434846, -0.265654, 0, 0, 0.81825, 0.574862
-0.0434846, -0.265654, 0, 0, 0.81825, 0.574862
-0.0434846, -0.265654, 0, 0, 0.81825, 0.574862
-0.0434846, -0.265654, 0, 0, 0.81825, 0.574862
-0.0434846, -0.265654, 0, 0, 0.81825, 0.574862
-0.0434846, -0.265654, 0, 0, 0.81825, 0.574862
-0.0434846, -0.265654, 0, 0, 0.81825, 0.574862
-0.0434846, -0.265654, 0, 0, 0.81825, 0.574862
-0.0434846, -0.265654, 0, 0, 0.81825, 0.574862
-0.0434846, -0.265654, 0, 0, 0.81825, 0.574862
-0.0434846, -0.265654, 0, 0, 0.81825, 0.574862
-0.0434846, -0.265654, 0, 0, 0.81825, 0.574862
-0.0434846, -0.265654, 0, 0, 0.81825, 0.574862
-0.0434846, -0.265654, 0, 0, 0.81825, 0.574862
-0.0434846, -0.265654, 0, 0, 0.81825, 0.574862
-0.0434846, -0.265654, 0, 0, 0.81825, 0.574862
-0.0434846, -0.265654, 0, 0, 0.81825, 0.574862
-0.0434846, -0.265654, 0, 0, 0.81825, 0.574862
-0.0434846, -0.265654, 0, 0, 0.81825, 0.574862
-0.0434846, -0.265654, 0, 0, 0.81825, 0.574862
-0.0434846, -0.265654, 0, 0, 0.81825, 0.574862
-0.0434846, -0.265654, 0, 0, 0.81825, 0.574862
-0.0434846, -0.265654, 0, 0, 0.81825, 0.574862
-0.0434846, -0.265654, 0, 0, 0.81825, 0.574862
-0.0434846, -0.265654, 0, 0, 0.81825, 0.574862
-0.0434846, -0.265654, 0, 0, 0.81825, 0.574862
-0.0434846, -0.265654, 0, 0, 0.81825, 0.574862
-0.0434846, -0.265654, 0, 0, 0.81825, 0.574862
-0.0434846, -0.265654, 0, 0, 0.81825, 0.574862
-0.0434846, -0.265654, 0, 0, 0.81825, 0.574862
-0.0434846, -0.265654, 0, 0, 0.81825, 0.574862
-0.0434846, -0.265654, 0, 0, 0.81825, 0.574862
-0.0434846, -0.265654, 0, 0, 0.81825, 0.574862
-0.0434846, -0.265654, 0, 0, 0.81825, 0.574862
-0.0434846, -0.265654, 0, 0, 0.81825, 0.574862
-0.0434846, -0.265654, 0, 0, 0.81825, 0.574862
-0.0434846, -0.265654, 0, 0, 0.81825, 0.574862
-0.0434846, -0.265654, 0, 0, 0.81825, 0.574862
-0.0434846, -0.265654, 0, 0, 0.81825, 0.574862
